,ID,Household income,Education,Household size,Rainfall,Ave temp,Travel time,Amount spent,Willingness to pay,Kitchen Sink,ToiletWC,Garden,Car,Shortest distance,Height diff,LULC,Volume,Gender_female,Gender_male,Method_borehole,Method_carried,Method_delivered,Method_well,Availability_not_often,Availability_often,Quality_fair,Quality_good,Quality_poor,Quality_very good,Predicted volume
0,1,100000,1,4,0,75,30,330,380,0,0,0,0,136.01,4,7,360,1,0,0,1,0,0,0,1,0,1,0,0,343.66139561314725
1,2,50000,1,4,0,75,45,165,210,0,0,0,0,349.69,2,7,200,0,1,0,0,1,0,0,1,0,1,0,0,220.32749871852545
2,3,85000,1,3,0,75,20,450,500,0,0,0,0,335.43,7,7,360,0,1,0,0,1,0,1,0,0,1,0,0,360.5712955981933
3,4,80000,1,5,0,75,45,165,210,0,0,0,0,310.44,2,7,250,1,0,0,0,1,0,0,1,1,0,0,0,273.23444840407495
4,5,75000,1,4,0,75,30,285,330,0,0,0,0,276.74,0,7,320,0,1,0,0,1,0,0,1,1,0,0,0,305.6390966113484
5,6,50000,1,4,0,75,45,330,380,0,0,0,0,224.96,2,7,200,0,1,0,1,0,0,0,1,0,1,0,0,264.8055539994317
6,7,75000,1,4,0,75,30,150,200,0,0,0,0,167.03,4,7,320,0,1,0,1,0,0,1,0,1,0,0,0,285.3750498957956
7,8,75000,1,6,0,75,40,210,260,0,0,0,0,122.1,3,7,360,0,1,0,1,0,0,1,0,0,1,0,0,397.5819064196565
8,9,75000,1,6,0,75,45,165,210,0,0,0,0,107.42,3,7,300,0,1,0,1,0,0,1,0,1,0,0,0,358.1406554976085
9,10,75000,1,6,0,75,40,400,450,0,0,0,0,151.09,3,7,360,0,1,0,1,0,0,0,1,1,0,0,0,446.0312105155147
10,11,75000,1,3,0,75,20,200,250,0,0,0,0,249.0,1,7,360,0,1,0,1,0,0,1,0,0,1,0,0,285.21402241685786
11,12,75000,1,6,0,75,40,210,260,0,0,0,0,290.0,8,7,360,1,0,0,1,0,0,1,0,0,1,0,0,408.5751168889419
12,13,75000,1,3,0,75,35,285,330,0,0,0,0,266.37,6,7,240,0,1,0,1,0,0,1,0,1,0,0,0,245.87276732138966
13,14,75000,1,5,0,75,40,165,210,0,0,0,0,238.1,3,7,250,1,0,0,0,1,0,1,0,1,0,0,0,289.82282055241785
14,15,75000,1,4,0,75,60,120,170,0,0,0,0,203.82,0,7,160,1,0,0,1,0,0,0,1,1,0,0,0,189.92574734842842
15,16,75000,1,4,0,75,30,285,330,0,0,0,0,156.35,2,7,320,0,1,0,1,0,0,0,1,1,0,0,0,319.89732892194536
16,17,75000,1,3,0,75,35,285,330,0,0,0,0,104.85,2,7,240,0,1,0,1,0,0,0,1,1,0,0,0,251.26676191531237
17,18,45000,1,5,0,75,40,165,210,0,0,0,0,76.55,1,7,250,1,0,0,1,0,0,0,1,1,0,0,0,296.2227901450387
18,19,40000,1,4,0,75,60,280,330,0,0,0,0,52.61,2,7,160,1,0,0,1,0,0,1,0,0,1,0,0,225.90761621580728
19,20,105000,1,3,0,75,25,450,500,0,0,0,0,126.21,1,7,360,0,1,0,1,0,0,0,1,0,1,0,0,328.3462003894034
20,21,100000,1,6,0,75,40,300,350,0,0,0,0,189.99,0,7,360,0,1,0,1,0,0,1,0,1,0,0,0,454.7357273519459
21,22,105000,1,6,0,75,35,210,260,0,0,0,0,251.53,7,7,360,0,1,0,0,1,0,1,0,1,0,0,0,417.7308708483975
22,23,50000,1,4,0,75,45,165,210,0,0,0,0,240.93,7,7,200,0,1,0,0,1,0,0,1,1,0,0,0,231.74677264882976
23,24,45000,1,3,0,75,25,285,330,0,0,0,0,207.39,5,7,240,0,1,0,0,1,0,0,1,0,1,0,0,272.1053808341539
24,25,65000,1,5,0,75,45,380,430,0,0,0,0,182.72,2,7,250,1,0,0,1,0,0,0,1,1,0,0,0,323.85932731994785
25,26,50000,1,3,0,75,25,285,330,0,0,0,0,112.16,0,7,240,1,0,0,1,0,0,1,0,0,1,0,0,267.35371774592306
26,27,105000,1,3,0,75,20,450,500,0,0,0,0,56.3,1,7,360,1,0,0,1,0,0,1,0,0,1,0,0,362.6193066810926
27,28,40000,1,4,0,75,50,120,170,0,0,0,0,30.41,1,7,160,1,0,0,1,0,0,1,0,1,0,0,0,203.9983470398842
28,29,40000,1,3,0,75,25,200,250,0,0,0,0,74.43,2,7,240,1,0,0,1,0,0,0,1,0,1,0,0,238.44732042118181
29,30,40000,1,4,0,75,60,120,170,0,0,0,0,141.01,2,7,160,0,1,0,1,0,0,1,0,0,1,0,0,177.04458019845953
30,31,40000,1,4,0,75,60,360,410,0,0,0,0,144.28,3,7,160,0,1,0,1,0,0,0,1,1,0,0,0,191.5584123904859
31,32,40000,1,4,0,75,65,90,140,0,0,0,0,167.93,5,7,120,0,1,0,0,1,0,0,1,0,1,0,0,188.45924367721184
32,33,40000,1,4,0,75,40,210,260,0,0,0,0,67.2,4,7,240,1,0,0,1,0,0,1,0,0,1,0,0,245.77756894221272
33,34,40000,1,3,0,75,30,120,170,0,0,0,0,93.52,5,7,270,0,1,0,0,1,0,0,1,0,1,0,0,210.30347901969805
34,35,40000,1,4,0,75,50,120,170,0,0,0,1,102.07,5,7,160,1,0,0,0,1,0,0,1,1,0,0,0,220.53211154427635
35,36,40000,1,5,0,75,55,280,330,0,0,0,0,60.88,2,7,200,1,0,0,0,1,0,1,0,0,1,0,0,296.67323067034675
36,37,40000,1,3,0,75,35,240,290,0,0,0,0,87.0,0,7,210,0,1,0,1,0,0,1,0,0,1,0,0,219.8779529803801
37,38,40000,1,4,0,75,45,165,210,0,0,0,0,92.91,3,7,200,0,1,0,0,1,0,1,0,1,0,0,0,233.855640289671
38,39,100000,1,4,0,75,50,120,170,0,0,0,0,126.53,3,7,160,0,1,0,0,1,0,0,1,0,1,0,0,222.35329222954107
39,40,60000,1,3,0,75,55,300,350,0,0,0,0,167.06,6,7,120,0,1,0,0,1,0,0,1,0,1,0,0,220.7612830622096
40,41,45000,1,3,0,75,65,120,170,0,0,0,0,206.46,6,7,90,1,0,0,0,1,0,0,1,1,0,0,0,157.22772748988658
41,42,60000,1,3,0,75,70,260,310,0,0,0,0,193.83,6,7,90,1,0,0,0,1,0,1,0,1,0,0,0,186.6002978065349
42,43,40000,1,4,0,75,65,120,170,0,0,0,0,188.4,4,7,120,1,0,0,0,1,0,0,1,0,1,0,0,188.68420019125222
43,44,60000,1,3,0,75,60,120,170,0,0,0,0,139.45,4,7,120,1,0,0,0,1,0,1,0,0,1,0,0,155.33991545944613
44,45,65000,1,4,0,75,40,180,230,0,0,0,0,74.4,3,7,240,1,0,0,1,0,0,1,0,1,0,0,0,249.8647695857705
45,46,100000,1,4,0,75,25,360,410,0,0,0,0,35.36,1,7,400,0,1,0,1,0,0,1,0,1,0,0,0,374.6085416135393
46,47,70000,1,5,0,75,25,285,330,0,0,0,0,51.62,1,7,400,0,1,0,1,0,0,0,1,1,0,0,0,400.90616023932995
47,48,100000,1,6,0,75,55,240,290,0,0,0,0,90.8,1,7,240,1,0,0,1,0,0,0,1,0,1,0,0,356.0855981750624
48,49,85000,1,6,0,75,50,120,170,0,0,0,0,136.56,2,7,120,1,0,0,0,1,0,1,0,1,0,0,0,309.51405653843665
49,50,100000,1,6,0,75,65,300,350,0,0,0,0,150.72,4,7,120,1,0,0,0,1,0,1,0,1,0,0,0,318.4855053203329
50,51,90000,1,6,0,75,75,120,170,0,0,0,0,102.08,1,7,180,1,0,0,0,1,0,0,1,1,0,0,0,266.80809834069055
51,52,105000,1,6,0,75,50,240,290,0,0,0,0,114.39,3,7,180,1,0,0,0,1,0,0,1,0,1,0,0,385.93474340752425
52,53,75000,1,4,0,75,60,120,170,0,0,0,0,139.29,4,7,160,1,0,0,0,1,0,0,1,1,0,0,0,192.004244894299
53,54,75000,1,4,0,75,75,120,170,0,0,0,0,188.53,3,7,120,1,0,0,0,1,0,1,0,0,1,0,0,166.3120475005402
54,55,75000,1,6,0,75,50,200,250,0,0,0,0,189.11,3,7,120,1,0,0,0,1,0,1,0,1,0,0,0,337.57933855050237
55,56,75000,1,4,0,75,70,120,170,0,0,0,0,151.82,3,7,120,1,0,0,0,1,0,1,0,0,1,0,0,174.3624856599534
56,57,75000,1,5,0,75,60,310,360,0,0,0,0,98.27,3,7,200,1,0,0,0,1,0,1,0,1,0,0,0,274.5135127604916
57,58,75000,1,3,0,75,35,285,330,0,0,0,0,66.1,3,7,240,1,0,0,1,0,0,0,1,1,0,0,0,254.5271606692413
58,59,75000,1,3,0,75,30,330,380,0,0,0,0,54.04,2,7,270,1,0,0,0,1,0,0,1,1,0,0,0,281.48390896262333
59,60,75000,1,3,0,75,25,280,330,0,0,0,0,37.12,1,7,300,1,0,0,1,0,0,0,1,1,0,0,0,282.8903422003078
60,61,80000,1,4,0,75,40,210,260,0,0,0,0,77.16,2,7,240,1,0,0,0,1,0,0,1,0,1,0,0,261.47497291551196
61,62,40000,1,4,0,75,45,165,210,0,0,0,0,118.44,2,7,200,1,0,0,0,1,0,1,0,0,1,0,0,231.15398622194178
62,63,75000,1,4,0,75,50,165,210,0,0,0,0,176.82,3,7,120,1,0,0,0,1,0,1,0,0,0,0,1,219.68384395601572
63,64,40000,1,4,0,75,90,100,150,0,0,0,0,235.36,6,7,80,1,0,0,0,1,0,1,0,0,0,0,1,165.82747299981975
64,65,45000,1,3,0,75,130,165,210,0,0,0,0,254.87,7,7,60,1,0,0,0,1,0,0,1,0,0,0,1,81.47303105518671
65,66,90000,1,6,0,75,120,165,210,0,0,0,0,296.1,9,7,60,1,0,0,0,1,0,0,1,0,1,0,0,104.23104626895868
66,67,50000,1,4,0,75,50,200,250,0,0,0,0,207.2,5,7,120,1,0,0,1,0,0,0,1,0,1,0,0,213.98633330146532
67,68,60000,1,3,0,75,75,165,210,0,0,0,0,238.32,6,7,90,1,0,0,1,0,0,0,1,0,1,0,0,157.0044787529273
68,69,60000,1,4,0,75,70,165,210,0,0,0,0,197.28,5,7,120,1,0,0,0,1,0,0,1,0,1,0,0,183.92988251126008
69,70,60000,1,6,0,75,120,310,360,0,0,0,0,228.64,6,7,60,1,0,0,0,1,0,0,1,0,1,0,0,67.04011059987138
70,71,60000,1,4,0,75,120,165,210,0,0,0,0,237.98,6,7,40,1,0,0,0,1,0,1,0,1,0,0,0,95.30783511044106
71,72,60000,1,5,0,75,130,165,210,0,0,0,0,197.31,5,7,100,1,0,0,0,1,0,1,0,1,0,0,0,58.57594881752978
72,73,60000,1,3,0,75,60,120,170,0,0,0,0,209.4,5,7,120,1,0,0,0,1,0,0,1,1,0,0,0,157.84437990538314
73,74,60000,1,4,0,75,130,280,330,0,0,0,0,261.01,6,7,80,1,0,0,0,1,0,0,1,1,0,0,0,-3.5514626523902537
74,75,65000,1,5,0,75,90,120,170,0,0,0,0,234.85,6,7,100,1,0,0,0,1,0,0,1,0,1,0,0,194.15462003943242
75,76,70000,1,4,0,75,130,120,170,0,0,0,0,281.32,4,7,80,1,0,0,0,1,0,1,0,0,1,0,0,99.52480629944128
76,77,40000,1,4,0,75,120,300,350,0,0,0,0,344.41,0,7,40,1,0,0,0,1,0,1,0,1,0,0,0,17.403850987917988
77,78,45000,1,3,0,75,130,120,170,0,0,0,0,315.41,1,7,60,1,0,0,0,1,0,1,0,0,1,0,0,122.80947678115253
78,79,95000,1,6,0,75,120,120,170,0,0,0,0,347.59,2,7,60,1,0,0,0,1,0,0,1,1,0,0,0,130.79989376876787
79,80,105000,1,4,0,75,120,120,170,0,0,0,0,372.86,3,7,40,1,0,0,0,1,0,0,1,0,1,0,0,134.8241228006755
80,81,75000,1,6,0,75,113,180,230,0,0,0,0,408.79,5,7,60,1,0,0,0,1,0,1,0,0,1,0,0,133.7555191602036
81,82,60000,1,3,0,75,130,120,170,0,0,0,0,389.42,4,7,60,1,0,0,0,1,0,0,1,1,0,0,0,118.73331985063083
82,83,105000,1,3,0,75,130,120,170,0,0,0,0,415.88,8,7,60,1,0,0,0,1,0,0,1,0,1,0,0,116.20590643425118
83,84,95000,1,6,0,75,120,220,270,0,0,0,0,465.97,15,7,60,1,0,0,0,1,0,1,0,1,0,0,0,86.87835281175657
84,85,80000,1,4,0,75,130,120,170,0,0,0,0,491.23,11,7,80,1,0,0,0,1,0,1,0,1,0,0,0,104.41097431043599
85,86,45000,1,3,0,75,92,120,170,0,0,0,0,434.01,4,7,90,1,0,0,0,1,0,1,0,1,0,0,0,149.04186935451372
86,87,60000,1,3,0,75,92,180,230,0,0,0,0,491.92,3,7,90,1,0,0,0,1,0,0,1,0,1,0,0,160.59605767070886
87,88,85000,1,6,0,75,122,120,170,0,0,0,0,422.2,3,7,60,1,0,0,0,1,0,0,1,0,1,0,0,126.189400203426
88,89,45000,1,3,0,75,62,190,240,0,0,0,0,349.23,8,7,120,1,0,0,0,1,0,0,1,1,0,0,0,173.55901393924103
89,90,45000,1,3,0,75,62,120,170,0,0,0,0,326.96,10,7,120,1,0,0,0,1,0,1,0,0,1,0,0,163.84800295021853
90,91,45000,1,4,0,75,55,165,210,0,0,0,0,297.43,7,7,200,1,0,0,0,1,0,1,0,0,1,0,0,210.04519219589326
91,92,45000,1,4,0,75,62,165,210,0,0,0,0,345.24,11,7,160,1,0,0,0,1,0,1,0,0,1,0,0,202.97838636641052
92,93,45000,1,6,0,75,132,100,150,0,0,0,0,318.68,10,7,120,1,0,0,0,1,0,1,0,1,0,0,0,143.27328922945952
93,94,45000,1,6,0,75,132,165,210,0,0,0,0,292.31,9,7,120,1,0,0,0,1,0,0,1,1,0,0,0,92.5963146532513
94,95,45000,1,6,0,75,135,120,170,0,0,0,0,320.98,10,7,120,1,0,0,0,1,0,1,0,0,0,0,1,111.72321306671937
95,96,45000,1,3,0,75,62,165,210,0,0,0,0,359.9,16,7,120,1,0,0,0,1,0,1,0,0,0,0,1,177.42946352342977
96,97,45000,1,4,0,75,92,165,210,0,0,0,0,322.58,12,7,120,1,0,0,0,1,0,0,1,0,0,0,1,171.9287849482246
97,98,50000,1,4,0,75,55,200,250,0,0,0,0,266.32,10,7,200,1,0,0,0,1,0,1,0,1,0,0,0,225.9004889991761
98,99,80000,1,4,0,75,92,165,210,0,0,0,0,364.61,9,7,120,1,0,0,0,1,0,1,0,1,0,0,0,169.0951361431775
99,100,70000,1,5,0,75,25,285,330,0,0,0,0,239.56,2,7,400,1,0,0,0,1,0,0,1,1,0,0,0,386.5124012321385
100,101,85000,1,6,107,74,32,240,290,0,0,0,0,90.27,2,7,420,1,0,0,0,1,0,0,1,0,1,0,0,521.7385363826158
101,102,105000,1,3,107,74,13,480,300,0,0,0,0,201.42,2,7,390,1,0,0,0,1,0,0,1,1,0,0,0,444.45923096835764
102,103,40000,1,4,107,74,42,285,330,0,0,0,0,154.25,3,7,320,1,0,0,0,1,0,1,0,1,0,0,0,367.6084257434354
103,104,65000,1,5,107,74,62,210,260,0,0,0,0,169.96,3,7,300,1,0,0,0,1,0,0,1,1,0,0,0,361.29093308256154
104,105,85000,1,6,107,74,65,165,210,0,0,0,0,173.93,6,7,300,1,0,0,0,1,0,1,0,1,0,0,0,390.61881980983327
105,106,60000,1,3,107,74,25,405,450,0,0,0,0,144.14,6,7,330,1,0,0,0,1,0,1,0,0,1,0,0,378.96834825395655
106,107,75000,1,4,107,74,25,200,250,0,0,0,0,164.0,6,7,320,1,0,0,0,1,0,1,0,0,0,0,1,369.43924629256065
107,108,55000,1,5,107,74,25,285,330,0,0,0,0,108.26,2,7,400,1,0,0,0,1,0,1,0,1,0,0,0,479.8229995454699
108,109,95000,1,6,107,74,42,210,260,0,0,0,0,113.89,2,7,360,1,0,0,0,1,0,0,1,0,1,0,0,458.2476646803111
109,110,75000,1,4,107,74,32,330,380,0,0,0,0,183.35,1,7,360,1,0,0,0,1,0,1,0,0,1,0,0,400.1469767384745
110,111,85000,1,6,107,74,52,165,210,0,0,0,0,226.74,2,7,300,1,0,0,0,1,0,1,0,1,0,0,0,417.37932708248604
111,112,85000,1,4,107,74,42,240,290,0,0,0,0,283.47,1,7,280,1,0,0,0,1,0,1,0,1,0,0,0,345.0542412358468
112,113,85000,1,3,107,74,25,360,410,0,0,0,0,261.69,2,7,300,1,0,0,0,1,0,1,0,0,1,0,0,368.8914804545991
113,114,85000,1,4,107,74,25,405,450,0,0,0,0,118.68,2,7,440,1,0,0,1,0,0,0,1,0,1,0,0,452.0141644451026
114,115,85000,1,5,107,74,22,450,500,0,0,0,0,33.53,1,7,600,1,0,0,0,1,0,0,1,1,0,0,0,552.0970462267803
115,116,85000,1,5,107,74,52,210,260,0,0,0,0,142.44,2,7,300,1,0,0,0,1,0,0,1,1,0,0,0,375.6898219513615
116,117,85000,1,4,107,74,35,220,270,0,0,0,0,81.5,0,7,400,1,0,0,1,0,0,1,0,0,1,0,0,412.69061193594376
117,118,85000,1,5,107,74,32,285,330,0,0,0,0,88.28,2,7,400,1,0,0,1,0,0,1,0,0,1,0,0,460.18325739772774
118,119,100000,1,3,107,74,25,180,230,0,0,0,0,199.4,5,7,300,1,0,0,0,1,0,1,0,0,1,0,0,349.08649834964564
119,120,80000,1,6,107,74,52,165,210,0,0,0,0,172.0,7,7,300,1,0,0,0,1,0,1,0,0,1,0,0,408.8689599248206
120,121,40000,1,4,107,74,35,285,330,0,0,0,0,147.49,3,7,320,0,1,0,0,1,0,0,1,1,0,0,0,378.9087819781371
121,122,50000,1,4,107,74,25,360,410,0,0,0,0,57.01,1,7,400,1,0,0,0,1,0,0,1,1,0,0,0,443.17466417232583
122,123,100000,1,3,107,74,13,480,300,0,0,0,0,56.75,2,7,390,1,0,0,1,0,0,1,0,0,1,0,0,457.1708615014023
123,124,100000,1,4,107,74,35,220,270,0,0,0,0,145.91,8,7,320,1,0,0,0,1,0,0,1,0,1,0,0,361.1987568622885
124,125,40000,1,4,107,74,22,405,450,0,0,0,0,55.01,1,7,440,1,0,0,0,1,0,1,0,0,1,0,0,480.90318662268606
125,126,100000,1,3,107,74,13,350,400,0,0,0,0,88.62,4,7,390,1,0,0,1,0,0,1,0,0,1,0,0,450.7313537048208
126,127,60000,1,3,107,74,13,480,300,0,0,0,0,97.74,3,7,390,1,0,0,1,0,0,0,1,0,1,0,0,430.68926454252363
127,128,40000,1,4,107,74,22,450,500,0,0,0,0,32.02,1,7,480,1,0,0,1,0,0,1,0,1,0,0,0,466.3080379557805
128,129,95000,1,6,107,74,42,240,290,0,0,0,0,79.88,0,7,420,1,0,0,1,0,0,0,1,0,1,0,0,491.77960193652814
129,130,45000,1,3,107,74,13,480,300,0,0,0,1,95.52,4,7,390,1,0,0,0,1,0,1,0,0,1,0,0,400.1853428962778
130,131,85000,1,4,107,74,25,405,450,0,0,0,0,56.01,1,7,440,1,0,0,1,0,0,0,1,0,1,0,0,455.0105587171796
131,132,60000,1,3,107,74,22,450,500,0,0,0,0,94.37,1,7,360,1,0,0,0,1,0,1,0,1,0,0,0,394.95741781412585
132,133,75000,1,4,107,74,15,480,300,0,0,0,0,23.85,1,7,520,1,0,0,0,1,0,0,1,0,1,0,0,513.582528184587
133,134,80000,1,4,107,74,25,300,350,0,0,0,0,74.17,1,7,440,1,0,0,1,0,0,1,0,0,1,0,0,438.50034277320583
134,135,95000,1,6,107,74,42,240,290,0,0,0,0,79.2,1,7,420,1,0,0,1,0,0,0,1,1,0,0,0,486.5914444330648
135,136,95000,1,6,107,74,32,330,380,0,0,0,0,30.59,1,7,540,1,0,0,0,1,0,1,0,0,1,0,0,597.4536209779174
136,137,95000,1,4,107,74,22,450,500,0,0,0,0,67.08,2,7,480,1,0,0,1,0,0,1,0,1,0,0,0,461.03009620972495
137,138,95000,1,5,107,74,32,230,280,0,0,0,0,69.35,2,7,450,1,0,0,0,1,0,0,1,0,1,0,0,439.79423394741036
138,139,95000,1,3,107,74,5,600,450,0,0,0,0,49.48,1,7,480,1,0,0,0,1,0,1,0,0,1,0,0,551.055216099084
139,140,95000,1,3,107,74,5,480,300,0,0,0,0,45.88,0,7,480,1,0,0,0,1,0,0,1,1,0,0,0,480.4679583385956
140,141,95000,1,4,107,74,25,360,410,0,0,0,0,93.91,3,7,400,1,0,0,1,0,0,0,1,1,0,0,0,450.83161119604813
141,142,75000,1,6,107,74,25,280,330,0,0,0,0,10.77,0,7,600,1,0,0,0,1,0,0,1,0,1,0,0,592.6236552424061
142,143,95000,1,6,107,74,35,285,330,0,0,0,0,60.44,2,7,480,1,0,0,0,1,0,0,1,0,1,0,0,548.1264027706076
143,144,60000,1,3,107,74,5,720,380,0,0,0,0,35.44,1,7,570,1,0,0,1,0,0,1,0,0,1,0,0,622.577428474433
144,145,75000,1,4,107,74,22,450,500,0,0,0,0,59.51,0,7,480,1,0,0,1,0,0,1,0,0,1,0,0,464.70574327945667
145,146,40000,1,4,107,74,25,180,230,0,0,0,0,99.76,1,7,400,1,0,0,0,1,0,1,0,0,1,0,0,383.7390358347111
146,147,65000,1,5,107,74,35,285,330,0,0,0,0,89.47,2,7,400,1,0,0,0,1,0,0,1,0,1,0,0,437.8871240309204
147,148,85000,1,6,107,74,35,300,350,0,0,0,0,57.71,1,7,480,1,0,0,1,0,0,1,0,1,0,0,0,543.8178803614626
148,149,40000,1,4,107,74,62,120,170,0,0,0,0,229.59,8,7,160,1,0,0,0,1,0,1,0,1,0,0,0,319.111669149248
149,150,45000,1,3,107,74,5,645,400,0,0,0,0,36.36,1,7,510,1,0,0,1,0,0,1,0,0,1,0,0,560.4597009069472
150,151,65000,1,5,107,74,35,285,330,0,0,0,0,129.4,5,7,400,1,0,0,0,1,0,0,1,0,1,0,0,435.1522561000359
151,152,40000,1,4,107,74,32,360,410,0,0,0,0,121.5,4,7,400,1,0,0,0,1,0,0,1,1,0,0,0,421.53023456687487
152,153,40000,1,6,107,74,42,210,260,0,0,0,0,177.72,4,7,360,1,0,0,0,1,0,0,1,0,1,0,0,494.50489791166837
153,154,40000,1,5,107,74,132,380,430,0,0,0,0,230.65,7,7,100,1,0,0,0,1,0,0,1,0,1,0,0,119.09423044319477
154,155,40000,1,4,107,74,92,210,260,0,0,0,0,294.54,6,7,120,1,0,0,0,1,0,0,1,1,0,0,0,276.8970411283436
155,156,40000,1,4,107,74,92,210,260,0,0,0,0,178.72,2,7,120,1,0,0,0,1,0,1,0,1,0,0,0,264.6100266148508
156,157,40000,1,5,107,74,132,380,430,0,0,0,0,196.02,9,7,100,1,0,0,0,1,0,1,0,1,0,0,0,111.70410483498574
157,158,90000,1,6,107,74,122,210,260,0,0,0,0,224.45,11,7,60,1,0,0,0,1,0,0,1,1,0,0,0,151.90191477187858
158,159,105000,1,6,107,74,113,180,230,0,0,0,0,215.2,11,7,120,1,0,0,0,1,0,0,1,1,0,0,0,187.245623679733
159,160,70000,1,5,107,74,113,210,260,0,0,0,0,210.11,5,7,100,1,0,0,0,1,0,1,0,1,0,0,0,165.10263562088232
160,161,70000,1,3,107,74,92,210,260,0,0,0,0,250.91,6,7,90,1,0,0,0,1,0,0,1,1,0,0,0,258.22003062094655
161,162,70000,1,5,107,74,122,180,230,0,0,0,0,332.63,7,7,50,1,0,0,0,1,0,0,1,0,1,0,0,160.57204215254183
162,163,70000,1,6,107,74,122,210,260,0,0,0,0,389.28,1,7,60,1,0,0,0,1,0,1,0,0,1,0,0,201.9426674919543
163,164,70000,1,3,107,74,132,370,420,0,0,0,0,448.99,3,7,60,1,0,0,0,1,0,0,1,1,0,0,0,61.58258838737739
164,165,105000,1,4,107,74,132,210,260,0,0,0,0,338.76,10,7,80,1,0,0,0,1,0,0,1,0,1,0,0,91.68453109398216
165,166,40000,1,4,107,74,132,210,260,0,0,0,0,305.81,18,7,80,1,0,0,0,1,0,0,1,0,1,0,0,132.51252094496937
166,167,100000,1,3,107,74,92,320,370,0,0,0,0,308.01,18,7,90,1,0,0,0,1,0,1,0,1,0,0,0,112.55258314150957
167,168,40000,1,4,107,74,132,210,260,0,0,0,0,400.05,22,7,80,1,0,0,0,1,0,1,0,1,0,0,0,138.06369928528528
168,169,50000,1,4,107,74,132,140,190,0,0,0,0,420.33,23,7,80,1,0,0,0,1,0,1,0,1,0,0,0,183.73210706675536
169,170,55000,1,3,107,74,92,210,260,0,0,0,0,378.8,18,7,90,1,0,0,0,1,0,0,1,0,1,0,0,235.96782130846782
170,171,70000,1,5,107,74,122,210,260,0,0,0,0,426.9,11,7,50,1,0,0,0,1,0,1,0,1,0,0,0,149.2312588366907
171,172,50000,1,4,107,74,132,180,230,0,0,0,0,473.33,10,7,80,1,0,0,0,1,0,0,1,1,0,0,0,164.35380547735838
172,173,80000,1,4,107,74,132,210,260,0,0,0,0,531.51,18,7,80,1,0,0,0,1,0,0,1,0,1,0,0,108.94488840651478
173,174,80000,1,5,107,74,132,210,260,0,0,0,0,527.39,16,7,50,1,0,0,0,1,0,1,0,1,0,0,0,124.90800161968843
174,175,80000,1,6,107,74,122,190,240,0,0,0,0,463.04,4,7,60,1,0,0,0,1,0,0,1,1,0,0,0,205.80545282605945
175,176,80000,1,3,107,74,132,210,260,0,0,0,0,488.07,26,7,60,1,0,0,0,1,0,1,0,0,1,0,0,100.6966752981835
176,177,80000,1,4,107,74,120,210,260,0,0,0,0,474.22,15,7,80,1,0,0,0,1,0,0,1,0,1,0,0,135.15757592302046
177,178,80000,1,4,107,74,120,400,450,0,0,0,0,469.3,24,7,80,1,0,0,0,1,0,0,1,1,0,0,0,64.30053034417173
178,179,80000,1,5,107,74,130,210,260,0,0,0,0,470.34,17,7,50,1,0,0,0,1,0,1,0,0,1,0,0,115.6263164229141
179,180,80000,1,3,107,74,50,120,170,0,0,0,0,405.81,9,7,120,1,0,0,0,1,0,1,0,1,0,0,0,277.8393000544917
180,181,80000,1,4,107,74,90,280,330,0,0,0,0,379.33,16,7,120,1,0,0,0,1,0,1,0,1,0,0,0,171.84206238604528
181,182,50000,1,4,107,74,90,120,170,0,0,0,0,323.36,12,7,120,1,0,0,0,1,0,0,1,0,1,0,0,291.6616047139607
182,183,60000,1,3,107,74,90,120,170,0,0,0,0,373.55,9,7,90,1,0,0,0,1,0,1,0,1,0,0,0,263.63132770692295
183,184,50000,1,4,107,74,55,165,210,0,0,0,0,268.75,9,7,200,1,0,0,0,1,0,1,0,0,1,0,0,315.76923708508775
184,185,70000,1,5,107,74,130,380,430,0,0,0,0,342.38,2,7,100,1,0,0,1,0,0,1,0,0,1,0,0,130.92666087807902
185,186,95000,1,5,107,74,130,165,210,0,0,0,0,297.26,6,7,100,1,0,0,1,0,0,1,0,0,1,0,0,158.75274764295395
186,187,95000,1,6,107,74,130,120,170,0,0,0,1,231.68,8,7,120,1,0,0,0,1,0,0,1,0,1,0,0,170.6392601286641
187,188,65000,1,5,107,74,120,165,210,0,0,0,0,237.2,0,7,100,1,0,0,0,1,0,1,0,0,1,0,0,193.02804737203502
188,189,45000,1,3,107,74,20,280,330,0,0,0,0,186.42,6,7,300,1,0,0,0,1,0,1,0,0,1,0,0,358.9055712236432
189,190,40000,1,4,107,74,20,360,410,0,0,0,0,72.57,3,7,400,1,0,0,0,1,0,1,0,1,0,0,0,453.2947378445462
190,191,55000,1,3,107,74,13,450,500,0,0,0,0,112.72,3,7,360,1,0,0,1,0,0,1,0,1,0,0,0,461.8364437647831
191,192,55000,1,3,107,74,13,450,500,0,0,0,0,159.14,6,7,360,1,0,0,0,1,0,0,1,1,0,0,0,432.5144342425161
192,193,85000,1,6,107,74,50,165,210,0,0,0,0,196.45,4,7,300,1,0,0,0,1,0,0,1,1,0,0,0,413.88066708121295
193,194,90000,1,5,107,74,40,210,260,0,0,0,0,222.3,9,7,300,1,0,0,0,1,0,0,1,1,0,0,0,367.52687324035855
194,195,60000,1,3,107,74,13,280,330,0,0,0,0,128.72,1,7,390,1,0,0,1,0,0,0,1,0,1,0,0,436.22924076058956
195,196,100000,1,4,107,74,35,285,330,0,0,0,0,306.37,15,7,320,1,0,0,1,0,0,1,0,0,1,0,0,353.6078361014508
196,197,100000,1,6,107,74,40,210,260,0,0,0,0,196.6,3,7,360,1,0,0,1,0,0,0,1,0,1,0,0,478.2467314471051
197,198,40000,1,4,107,74,30,330,380,0,0,0,0,211.02,2,7,360,1,0,0,0,1,0,0,1,0,1,0,0,413.1785500274261
198,199,50000,1,3,107,74,13,480,300,0,0,0,0,192.63,4,7,390,1,0,0,0,1,0,1,0,1,0,0,0,402.29319183861776
199,200,75000,1,4,107,74,30,330,380,0,0,0,0,230.85,2,7,360,1,0,0,0,1,0,0,1,0,1,0,0,393.5825927875966
200,201,95000,1,6,284,76,40,285,330,0,0,0,0,101.84,0,7,480,1,0,0,0,1,0,1,0,0,1,0,0,522.2732054487983
201,202,55000,1,3,284,76,13,570,280,0,0,0,0,138.64,2,7,450,1,0,0,0,1,0,0,1,0,1,0,0,466.21680228185716
202,203,65000,1,4,284,76,13,480,300,0,0,0,0,105.08,1,7,520,1,0,0,0,1,0,1,0,0,1,0,0,526.458285043163
203,204,105000,1,3,284,76,5,720,380,0,0,0,0,72.84,0,7,570,1,0,0,1,0,0,0,1,1,0,0,0,681.4394679344855
204,205,65000,1,5,284,76,20,300,350,0,0,0,0,87.14,1,7,550,0,1,0,1,0,0,0,1,0,1,0,0,534.1944532416599
205,206,60000,1,3,284,76,13,600,450,0,0,0,0,113.88,4,7,480,0,1,0,0,1,0,1,0,1,0,0,0,498.23564932627727
206,207,75000,1,4,284,76,20,450,500,0,0,0,0,137.06,2,7,480,1,0,0,1,0,0,0,1,1,0,0,0,494.5388391066975
207,208,105000,1,4,284,76,20,380,430,0,0,0,0,132.09,4,7,480,0,1,0,1,0,0,0,1,0,1,0,0,503.65396268640995
208,209,45000,1,3,284,76,5,765,280,0,0,0,0,55.07,3,7,600,1,0,0,1,0,0,0,1,0,1,0,0,654.4369631869259
209,210,80000,1,4,284,76,5,525,480,0,0,0,0,85.29,4,7,560,1,0,0,0,1,0,1,0,1,0,0,0,615.4644076002584
210,211,80000,1,4,284,76,5,600,450,0,0,0,0,27.07,1,7,640,1,0,0,1,0,0,1,0,0,1,0,0,685.3554218551157
211,212,95000,1,6,284,76,54,165,210,0,0,0,0,146.49,2,7,300,1,0,0,0,1,0,1,0,0,1,0,0,362.76834756896454
212,213,85000,1,6,284,76,54,270,320,0,0,0,0,131.61,2,7,300,1,0,0,0,1,0,0,1,1,0,0,0,418.4606702593536
213,214,40000,1,4,284,76,44,240,290,0,0,0,0,152.63,1,7,280,1,0,0,1,0,0,0,1,0,1,0,0,287.4356670502112
214,215,100000,1,4,284,76,34,310,360,0,0,0,1,76.69,1,7,400,1,0,0,1,0,0,1,0,1,0,0,0,407.0141590197951
215,216,95000,1,6,284,76,45,210,260,0,0,0,0,105.72,2,7,360,1,0,0,1,0,0,1,0,1,0,0,0,487.4932190945783
216,217,95000,1,6,284,76,45,380,430,0,0,0,0,90.44,2,7,360,1,0,0,1,0,0,0,1,1,0,0,0,544.5128525994837
217,218,95000,1,6,284,76,44,285,330,0,0,0,0,39.66,0,7,480,1,0,0,1,0,0,0,1,0,1,0,0,550.4428853586693
218,219,95000,1,4,284,76,13,450,500,0,0,0,0,79.4,2,7,480,1,0,0,1,0,0,0,1,1,0,0,0,554.1013865190247
219,220,95000,1,6,284,76,54,165,210,0,0,0,0,118.98,1,7,300,1,0,0,0,1,0,0,1,0,1,0,0,365.6306823172396
220,221,95000,1,4,284,76,44,240,290,0,0,0,0,144.81,0,7,280,1,0,0,1,0,0,0,1,1,0,0,0,307.2576274874209
221,222,50000,1,4,284,76,25,360,410,0,0,0,0,85.98,3,7,400,1,0,0,1,0,0,0,1,1,0,0,0,457.344617245241
222,223,75000,1,4,284,76,13,525,480,0,0,0,0,35.47,1,7,560,1,0,0,1,0,0,1,0,1,0,0,0,589.8010534760059
223,224,80000,1,4,284,76,35,285,330,0,0,0,0,105.39,3,7,320,1,0,0,0,1,0,0,1,0,1,0,0,325.0983899275546
224,225,75000,1,4,284,76,5,570,280,0,0,0,0,55.11,0,7,600,1,0,0,0,1,0,0,1,0,1,0,0,632.2320948190265
225,226,80000,1,4,284,76,34,330,380,0,0,0,0,104.04,0,7,360,1,0,0,0,1,0,0,1,1,0,0,0,365.3430142219739
226,227,80000,1,6,284,76,54,165,210,0,0,0,0,150.88,4,7,300,1,0,0,1,0,0,0,1,1,0,0,0,404.79502065269685
227,228,80000,1,4,284,76,44,300,350,0,0,0,0,188.67,5,7,320,1,0,0,0,1,0,0,1,1,0,0,0,311.71913341796085
228,229,100000,1,3,284,76,24,360,410,0,0,0,0,107.45,0,7,300,1,0,0,0,1,0,1,0,1,0,0,0,350.89713516572476
229,230,55000,1,3,284,76,24,360,410,0,0,0,0,156.85,2,7,300,1,0,0,1,0,0,1,0,1,0,0,0,354.40952851942654
230,231,60000,1,3,284,76,13,480,300,0,0,0,0,78.11,1,7,390,1,0,0,0,1,0,0,1,0,1,0,0,412.128498228455
231,232,50000,1,4,284,76,34,330,380,0,0,0,0,118.6,3,7,360,1,0,0,0,1,0,0,1,0,1,0,0,356.1020348809377
232,233,45000,1,3,284,76,5,690,500,0,0,0,0,42.38,2,7,540,1,0,0,0,1,0,0,1,0,0,0,1,582.6341129861443
233,234,95000,1,6,284,76,54,320,370,0,0,0,0,100.9,4,7,300,1,0,0,0,1,0,1,0,1,0,0,0,430.44058875738637
234,235,50000,1,3,284,76,13,480,300,0,0,0,0,66.73,2,7,390,0,1,0,1,0,0,1,0,1,0,0,0,448.9696865173277
235,236,65000,1,5,284,76,48,210,260,0,0,0,0,172.24,4,7,300,1,0,0,0,1,0,1,0,0,1,0,0,314.517117386814
236,237,90000,1,6,284,76,84,165,210,0,0,0,0,201.09,7,7,300,1,0,0,0,1,0,1,0,1,0,0,0,299.8017813701303
237,238,90000,1,6,284,76,64,200,250,0,0,0,0,234.88,6,7,240,0,1,0,0,1,0,1,0,0,1,0,0,352.33305214626256
238,239,55000,1,3,284,76,34,330,380,0,0,0,0,223.29,7,7,270,1,0,0,0,1,0,0,1,1,0,0,0,277.707302421228
239,240,105000,1,3,284,76,38,285,330,0,0,0,0,251.73,10,7,240,0,1,0,0,1,0,1,0,0,1,0,0,263.7633032496948
240,241,55000,1,3,284,76,44,220,270,0,0,0,0,304.38,17,7,240,1,0,0,0,1,0,1,0,1,0,0,0,193.8641906048673
241,242,105000,1,6,284,76,94,285,330,0,0,0,0,367.9,14,7,180,1,0,0,0,1,0,1,0,1,0,0,0,238.39133377216487
242,243,95000,1,6,284,76,94,285,330,0,0,0,0,369.86,18,7,180,1,0,0,0,1,0,1,0,0,1,0,0,236.42847995461298
243,244,100000,1,3,284,76,84,270,320,0,0,0,0,438.77,15,7,150,0,1,0,0,1,0,1,0,0,1,0,0,124.606679008372
244,245,90000,1,6,284,76,134,165,210,0,0,0,0,446.23,0,7,120,0,1,0,0,1,0,1,0,0,1,0,0,167.99887645903198
245,246,70000,1,5,284,76,113,165,210,0,0,0,0,378.76,2,7,100,1,0,0,0,1,0,0,1,1,0,0,0,182.9902807752473
246,247,100000,1,2,284,76,84,320,370,0,0,0,0,462.39,22,7,100,0,1,0,0,1,0,0,1,0,1,0,0,92.62067208369251
247,248,60000,1,3,284,76,64,120,170,0,0,0,0,421.35,19,7,120,0,1,0,0,1,0,1,0,1,0,0,0,132.9568207464805
248,249,100000,1,4,284,76,134,210,260,0,0,0,1,463.04,23,7,80,1,0,0,0,1,0,0,1,1,0,0,0,80.45586396797916
249,250,45000,1,3,284,76,94,120,170,0,0,0,0,473.06,18,7,90,1,0,0,0,1,0,1,0,0,1,0,0,124.56890348678871
250,251,70000,1,6,284,76,124,410,460,0,0,0,0,544.23,22,7,60,1,0,0,0,1,0,1,0,0,1,0,0,156.32383158666676
251,252,45000,1,3,284,76,134,120,170,0,0,0,0,527.8,19,7,60,0,1,0,0,1,0,0,1,0,1,0,0,122.9773785173112
252,253,95000,1,6,284,76,124,120,170,0,0,0,0,374.88,2,7,60,0,1,0,0,1,0,1,0,0,1,0,0,193.88072959812814
253,254,65000,1,5,284,76,134,120,170,0,0,0,0,365.0,0,7,100,1,0,0,0,1,0,1,0,1,0,0,0,180.6720059207529
254,255,90000,1,6,284,76,124,120,170,0,0,0,0,440.65,3,7,60,0,1,0,0,1,0,1,0,0,1,0,0,175.18460067624142
255,256,90000,1,6,284,76,124,120,170,0,0,0,0,509.4,3,7,60,0,1,0,0,1,0,0,1,0,1,0,0,160.4526177605278
256,257,90000,1,4,284,76,134,120,170,0,0,0,0,578.28,8,7,80,0,1,0,0,1,0,0,1,0,1,0,0,99.55237566519389
257,258,90000,1,6,284,76,124,120,170,0,0,0,0,598.07,3,7,60,0,1,0,0,1,0,1,0,0,1,0,0,152.48131112808187
258,259,90000,1,5,284,76,124,120,170,0,0,0,0,541.94,28,7,50,1,0,0,0,1,0,0,1,0,1,0,0,96.87414375492449
259,260,90000,1,6,284,76,134,120,170,0,0,0,0,537.82,9,7,60,0,1,0,0,1,0,0,1,0,1,0,0,136.9831762932301
260,261,70000,1,5,284,76,94,90,140,0,0,0,0,419.44,13,7,150,0,1,0,0,1,0,1,0,1,0,0,0,167.91442747623688
261,262,60000,1,5,284,76,134,90,140,0,0,0,0,467.74,27,7,100,1,0,0,0,1,0,0,1,0,1,0,0,133.05239634204662
262,263,65000,1,5,284,76,134,90,140,0,0,0,0,465.28,30,7,100,0,1,0,0,1,0,1,0,0,1,0,0,125.31664633770282
263,264,80000,1,4,284,76,134,90,140,0,0,0,0,496.23,28,7,80,0,1,0,0,1,0,0,1,0,1,0,0,105.14848100138715
264,265,55000,1,3,284,76,134,90,140,0,0,0,0,578.36,35,7,60,0,1,0,0,1,0,0,1,1,0,0,0,111.54504166958895
265,266,80000,1,4,284,76,134,90,140,0,0,0,0,578.02,21,7,80,0,1,0,0,1,0,1,0,0,0,0,1,93.8867886153215
266,267,80000,1,6,284,76,134,90,140,0,0,0,0,548.89,15,7,60,1,0,0,0,1,0,1,0,1,0,0,0,135.07204158442823
267,268,80000,1,3,284,76,134,90,140,0,0,0,0,569.17,13,7,60,0,1,0,0,1,0,1,0,0,1,0,0,113.32948658680186
268,269,80000,1,3,284,76,84,120,170,0,0,0,0,405.76,11,7,120,1,0,0,0,1,0,1,0,1,0,0,0,131.4288572300706
269,270,80000,1,4,284,76,94,120,170,0,0,0,0,380.87,10,7,120,1,0,0,0,1,0,1,0,0,1,0,0,166.73282968198862
270,271,65000,1,5,284,76,94,120,170,0,0,0,0,351.37,6,7,150,1,0,0,0,1,0,1,0,1,0,0,0,207.57165486634307
271,272,45000,1,3,284,76,84,165,210,0,0,0,0,405.94,8,7,150,0,1,0,0,1,0,1,0,0,1,0,0,147.50320716720944
272,273,50000,1,4,284,76,84,165,210,0,0,0,0,431.0,9,7,200,0,1,0,0,1,0,0,1,0,1,0,0,170.8990611147084
273,274,40000,1,4,284,76,88,165,210,0,0,0,0,414.42,8,7,200,1,0,0,0,1,0,1,0,0,1,0,0,182.21601629013975
274,275,85000,1,6,284,76,94,165,210,0,0,0,0,430.59,8,7,180,0,1,0,0,1,0,1,0,1,0,0,0,238.055954503881
275,276,105000,1,6,284,76,94,165,210,0,0,0,1,475.84,10,7,180,1,0,0,0,1,0,0,1,1,0,0,0,224.35697521853595
276,277,75000,1,4,284,76,84,120,170,0,0,0,0,509.01,6,7,160,1,0,0,0,1,0,0,1,1,0,0,0,152.03852090899818
277,278,85000,1,6,284,76,134,120,170,0,0,0,0,576.85,4,7,120,0,1,0,0,1,0,1,0,0,1,0,0,137.37826566546732
278,279,65000,1,5,284,76,134,120,170,0,0,0,0,606.85,36,7,100,1,0,0,0,1,0,0,1,0,1,0,0,89.7559712414191
279,280,70000,1,5,284,76,134,120,170,0,0,0,0,597.34,1,7,100,1,0,0,0,1,0,0,1,0,1,0,0,126.56778666798311
280,281,55000,1,3,284,76,84,120,170,0,0,0,0,588.59,37,7,120,1,0,0,0,1,0,0,1,0,1,0,0,107.93081912089838
281,282,55000,1,4,284,76,88,120,170,0,0,0,0,534.18,31,7,160,1,0,0,0,1,0,1,0,1,0,0,0,131.91693782437267
282,283,55000,1,3,284,76,88,165,210,0,0,0,0,353.01,5,7,150,1,0,0,0,1,0,0,1,1,0,0,0,172.94980673917257
283,284,55000,1,6,284,76,98,165,210,0,0,0,0,469.66,21,7,180,0,1,0,0,1,0,1,0,1,0,0,0,226.58101727924424
284,285,55000,1,4,284,76,98,165,210,0,0,0,0,393.91,12,7,120,0,1,0,0,1,0,0,1,1,0,0,0,169.72059095668942
285,286,55000,1,6,284,76,98,165,210,0,0,0,0,317.62,11,7,180,1,0,0,0,1,0,1,0,1,0,0,0,256.18040765028724
286,287,55000,1,6,284,76,74,210,260,0,0,0,0,223.62,10,7,360,1,0,0,0,1,0,1,0,0,1,0,0,323.76419181308256
287,288,70000,1,5,284,76,64,240,290,0,0,0,0,178.75,11,7,350,0,1,0,0,1,0,0,1,1,0,0,0,294.70971991964404
288,289,100000,1,3,284,76,13,480,300,0,0,0,0,242.92,14,7,390,0,1,0,0,1,0,0,1,1,0,0,0,411.08243024561534
289,290,40000,1,4,284,76,8,570,280,0,0,0,0,47.76,2,7,600,1,0,0,0,1,0,1,0,1,0,0,0,603.0953158300196
290,291,60000,1,3,284,76,13,450,500,0,0,0,0,131.19,12,7,360,1,0,0,0,1,0,1,0,0,1,0,0,405.0173426203909
291,292,75000,1,4,284,76,34,330,380,0,0,0,0,145.66,10,7,360,1,0,0,0,1,0,0,1,0,1,0,0,359.3232780025914
292,293,90000,1,6,284,76,84,165,210,0,0,0,0,188.32,20,7,300,1,0,0,0,1,0,0,1,0,1,0,0,294.4670687938946
293,294,60000,1,3,284,76,8,480,300,0,0,0,0,284.86,16,7,390,1,0,0,0,1,0,1,0,0,1,0,0,414.77787925658197
294,295,105000,1,6,284,76,94,480,300,0,0,0,0,458.75,30,7,180,1,0,0,0,1,0,1,0,0,1,0,0,250.48766912098318
295,296,40000,1,4,284,76,94,480,300,0,0,0,0,564.72,38,7,120,1,0,0,0,1,0,1,0,1,0,0,0,165.27416676122309
296,297,85000,1,6,284,76,98,480,300,0,0,0,0,489.34,35,7,180,1,0,0,0,1,0,0,1,0,0,0,1,233.43898905374797
297,298,45000,1,3,284,76,74,210,260,0,0,0,0,409.46,27,7,180,1,0,0,0,1,0,1,0,0,1,0,0,157.18727401154325
298,299,65000,1,4,284,76,94,210,260,0,0,0,0,525.76,23,7,120,1,0,0,0,1,0,1,0,0,1,0,0,122.00837278202232
299,300,45000,1,3,284,76,74,210,260,0,0,0,0,429.38,9,7,180,1,0,0,0,1,0,0,1,0,1,0,0,159.22522916966227
300,301,100000,1,4,107,79,84,165,210,0,0,0,0,192.46,2,7,200,1,0,0,0,1,0,1,0,0,1,0,0,206.21751666104166
301,302,100000,1,5,107,79,44,210,260,0,0,0,0,222.27,3,7,300,1,0,0,0,1,0,1,0,1,0,0,0,314.65690544651886
302,303,100000,1,3,107,79,24,360,410,0,0,0,0,264.75,4,7,300,1,0,0,0,1,0,1,0,0,1,0,0,306.5995814646501
303,304,100000,1,4,107,79,64,240,290,0,0,0,0,283.44,4,7,280,1,0,0,0,1,0,0,1,0,1,0,0,207.40124537552504
304,305,100000,1,4,107,79,64,240,290,0,0,0,0,269.03,4,7,280,1,0,0,0,1,0,1,0,0,1,0,0,208.29589224245387
305,306,100000,1,6,107,79,74,210,260,0,0,0,0,239.04,4,7,360,1,0,0,0,1,0,1,0,0,1,0,0,328.7135032345277
306,307,100000,1,3,107,79,8,525,480,0,0,0,0,179.36,3,7,420,1,0,0,0,1,0,0,1,1,0,0,0,448.03071288263527
307,308,70000,1,5,107,79,28,330,380,0,0,0,0,147.41,3,7,450,1,0,0,0,1,0,0,1,1,0,0,0,442.4061951382844
308,309,65000,1,5,107,79,28,285,330,0,0,0,0,183.85,3,7,400,1,0,0,0,1,0,1,0,0,1,0,0,417.4141880896687
309,310,105000,1,4,107,79,28,360,410,0,0,0,0,216.09,4,7,400,1,0,0,0,1,0,0,1,1,0,0,0,372.8588395811072
310,311,100000,1,3,107,79,13,450,500,0,0,0,0,114.04,2,7,360,1,0,0,1,0,0,1,0,1,0,0,0,466.37537034217706
311,312,65000,1,5,107,79,13,450,500,0,0,0,0,73.16,1,7,600,1,0,0,0,1,0,0,1,1,0,0,0,589.0499342770669
312,313,70000,1,5,107,79,44,240,290,0,0,0,0,114.74,2,7,350,1,0,0,1,0,0,0,1,0,1,0,0,343.39422281017085
313,314,90000,1,6,107,79,48,210,260,0,0,0,0,152.21,4,7,360,1,0,0,0,1,0,1,0,1,0,0,0,389.52466849718286
314,315,70000,1,5,107,79,84,120,170,0,0,0,0,208.63,4,7,200,0,1,0,0,1,0,0,1,1,0,0,0,195.47803428142652
315,316,90000,1,6,107,79,44,240,290,0,0,0,0,147.33,3,7,420,1,0,0,0,1,0,0,1,1,0,0,0,425.4323583115131
316,317,45000,1,3,107,79,8,765,280,0,0,0,0,57.28,2,7,600,0,1,0,1,0,0,1,0,0,1,0,0,644.0555610314012
317,318,60000,1,3,107,79,13,450,500,0,0,0,0,110.26,1,7,360,1,0,0,1,0,0,1,0,1,0,0,0,428.36586678910555
318,319,40000,1,4,107,79,13,405,450,0,0,0,0,154.15,3,7,440,1,0,0,0,1,0,0,1,0,1,0,0,450.84894660615953
319,320,40000,1,4,107,79,13,405,450,0,0,0,0,196.76,4,7,440,0,1,0,0,1,0,0,1,1,0,0,0,460.64725304180456
320,321,105000,1,3,107,79,8,525,480,0,0,0,0,190.08,4,7,420,0,1,0,0,1,0,0,1,1,0,0,0,451.8030891726473
321,322,100000,1,2,107,79,8,840,550,0,0,0,0,183.97,0,7,440,0,1,0,0,1,0,0,1,1,0,0,0,488.3481120853397
322,323,100000,1,6,107,79,24,360,410,0,0,0,0,60.0,1,7,600,1,0,0,0,1,0,1,0,1,0,0,0,606.054735709157
323,324,100000,1,3,107,79,8,525,480,0,0,0,0,164.91,3,7,420,1,0,0,0,1,0,0,1,0,1,0,0,446.780211426532
324,325,100000,1,3,107,79,84,210,260,0,0,0,0,193.76,3,7,180,0,1,0,0,1,0,0,1,0,1,0,0,222.66913897180842
325,326,100000,1,6,107,79,94,210,260,0,0,0,0,229.71,3,7,180,0,1,0,0,1,0,0,1,0,1,0,0,242.85331048120716
326,327,100000,1,5,107,79,98,210,260,0,0,0,0,244.77,5,7,150,0,1,0,0,1,0,0,1,1,0,0,0,160.7158630987725
327,328,100000,1,4,107,79,134,210,260,0,0,0,0,280.49,5,7,120,1,0,0,0,1,0,1,0,1,0,0,0,93.21560367241759
328,329,45000,1,6,107,79,134,210,260,0,0,0,0,226.08,0,7,120,1,0,0,0,1,0,1,0,1,0,0,0,199.65018503627584
329,330,60000,1,3,107,79,84,210,260,0,0,0,0,208.21,3,7,180,1,0,0,1,0,0,1,0,0,1,0,0,280.5114482486021
330,331,80000,1,4,107,79,74,120,170,0,0,0,0,227.73,4,7,160,1,0,0,0,1,0,1,0,0,1,0,0,174.28339702205622
331,332,105000,1,4,107,79,84,120,170,0,0,0,0,263.29,2,7,160,0,1,0,1,0,0,1,0,1,0,0,0,258.3214504905789
332,333,70000,1,5,107,79,134,120,170,0,0,0,0,295.58,7,7,100,1,0,0,0,1,0,0,1,0,1,0,0,146.81940101312097
333,334,75000,1,4,107,79,84,120,170,0,0,0,0,258.31,8,7,160,0,1,0,0,1,0,0,1,1,0,0,0,161.20166135571412
334,335,75000,1,4,107,79,84,120,170,0,0,0,0,217.61,6,7,160,0,1,0,1,0,0,0,1,1,0,0,0,243.23324469217368
335,336,75000,1,4,107,79,34,330,380,0,0,0,0,112.01,5,7,360,0,1,0,0,1,0,0,1,0,1,0,0,326.2957382676524
336,337,60000,1,3,107,79,13,450,500,0,0,0,0,106.78,3,7,360,0,1,0,1,0,0,1,0,0,1,0,0,419.4670801092125
337,338,65000,1,5,107,79,34,285,330,0,0,0,0,62.43,2,7,400,1,0,0,1,0,0,1,0,0,1,0,0,404.15749827153843
338,339,50000,1,4,107,79,13,405,450,0,0,0,0,68.25,3,7,440,0,1,0,0,1,0,1,0,1,0,0,0,454.89222664830123
339,340,50000,1,5,107,79,34,285,330,0,0,0,0,117.72,4,7,400,0,1,0,1,0,0,0,1,0,1,0,0,397.336781769837
340,341,50000,1,3,107,79,13,450,500,0,0,0,0,150.76,4,7,360,0,1,0,0,1,0,0,1,1,0,0,0,372.56071327706053
341,342,50000,1,4,107,79,44,285,330,0,0,0,0,187.24,4,7,320,1,0,0,1,0,0,1,0,0,1,0,0,304.16475092059625
342,343,50000,1,6,107,79,84,165,210,0,0,0,0,196.98,1,7,300,1,0,0,1,0,0,1,0,1,0,0,0,327.48123120195635
343,344,50000,1,5,107,79,44,240,290,0,0,0,0,151.79,4,7,350,0,1,0,1,0,0,1,0,1,0,0,0,335.4704561459383
344,345,50000,1,3,107,79,8,525,480,0,0,0,0,52.17,2,7,420,0,1,0,0,1,0,0,1,0,1,0,0,432.3736607673335
345,346,50000,1,4,107,79,34,330,380,0,0,0,0,109.81,1,7,360,1,0,0,1,0,0,0,1,0,1,0,0,359.5094428436322
346,347,50000,1,5,107,79,44,240,290,0,0,0,0,145.99,3,7,350,0,1,0,1,0,0,1,0,0,1,0,0,335.1832472075975
347,348,70000,1,4,107,79,24,360,410,0,0,0,0,97.02,2,7,400,1,0,0,0,1,0,0,1,0,1,0,0,381.08788866868025
348,349,75000,1,4,107,79,24,360,410,0,0,0,0,76.22,0,7,400,0,1,0,1,0,0,0,1,0,1,0,0,420.93415508586526
349,350,90000,1,6,107,79,44,240,290,0,0,0,0,71.81,2,7,420,1,0,0,0,1,0,1,0,1,0,0,0,435.5882997180244
350,351,70000,1,5,107,79,44,285,330,0,0,0,0,61.2,1,7,400,0,1,0,0,1,0,1,0,1,0,0,0,366.21428050994695
351,352,75000,1,4,107,79,34,330,380,0,0,0,0,125.25,2,7,360,0,1,0,1,0,0,0,1,1,0,0,0,360.18589578807826
352,353,100000,1,3,107,79,64,120,170,0,0,0,0,293.9,5,7,120,1,0,0,0,1,0,1,0,0,1,0,0,168.4100997924347
353,354,70000,1,5,107,79,134,120,170,0,0,0,0,340.3,5,7,100,1,0,0,0,1,0,0,1,1,0,0,0,151.26207772543682
354,355,80000,1,6,107,79,134,120,170,0,0,0,0,267.37,4,7,120,0,1,0,0,1,0,1,0,0,1,0,0,154.93247222519688
355,356,95000,1,6,107,79,134,120,170,0,0,0,0,296.45,5,7,120,0,1,0,0,1,0,1,0,0,1,0,0,126.30099210333731
356,357,90000,1,6,107,79,134,120,170,0,0,0,0,328.4,6,7,60,0,1,0,0,1,0,0,1,1,0,0,0,135.63506709735867
357,358,40000,1,4,107,79,94,120,170,0,0,0,0,271.15,4,7,120,1,0,0,0,1,0,0,1,1,0,0,0,191.32371688553138
358,359,55000,1,3,107,79,84,120,170,0,0,0,0,260.71,4,7,120,0,1,0,0,1,0,0,1,0,1,0,0,177.64895969524778
359,360,100000,1,3,107,79,94,90,140,0,0,0,0,327.27,7,7,90,0,1,0,0,1,0,1,0,0,1,0,0,151.98608784636227
360,361,85000,1,6,107,79,134,90,140,0,0,0,0,291.29,6,7,120,1,0,0,0,1,0,1,0,1,0,0,0,156.87740779581551
361,362,105000,1,6,107,79,124,90,140,0,0,0,0,339.84,8,7,60,0,1,0,0,1,0,1,0,1,0,0,0,158.84211482326833
362,363,100000,1,6,107,79,124,90,140,0,0,0,0,306.22,6,7,60,1,0,0,0,1,0,1,0,1,0,0,0,161.74625450148102
363,364,100000,1,5,107,79,134,90,140,0,0,0,0,268.07,5,7,100,1,0,0,0,1,0,0,1,0,0,0,1,147.85581527824732
364,365,100000,1,6,107,79,134,90,140,0,0,0,0,355.76,7,7,60,1,0,0,0,1,0,1,0,0,1,0,0,135.7003610880622
365,366,100000,1,3,107,79,124,90,140,0,0,0,0,310.04,7,7,60,1,0,0,0,1,0,1,0,0,1,0,0,211.8510063595743
366,367,100000,1,5,107,79,144,90,140,0,0,0,0,357.58,7,7,50,1,0,0,0,1,0,0,1,0,1,0,0,108.66004903157989
367,368,100000,1,6,107,79,134,90,140,0,0,0,0,306.79,10,7,60,1,0,0,0,1,0,0,1,0,1,0,0,124.33880703519151
368,369,80000,1,5,107,79,144,90,140,0,0,0,0,356.72,11,7,50,1,0,0,0,1,0,1,0,0,1,0,0,125.31835812357753
369,370,65000,1,5,107,79,134,90,140,0,0,0,0,244.0,3,7,100,0,1,0,1,0,0,1,0,1,0,0,0,282.83054874208597
370,371,80000,1,4,107,79,34,330,380,0,0,0,0,183.17,4,7,360,1,0,0,0,1,0,0,1,0,1,0,0,322.09725843794405
371,372,60000,1,3,107,79,84,120,170,0,0,0,0,237.61,5,7,120,1,0,0,1,0,0,0,1,0,1,0,0,262.3843928320953
372,373,60000,1,3,107,79,18,405,450,0,0,0,0,157.43,4,7,330,1,0,0,1,0,0,0,1,1,0,0,0,370.899119077914
373,374,60000,1,4,107,79,28,330,380,0,0,0,0,203.97,3,7,360,1,0,0,1,0,0,0,1,0,1,0,0,375.911162373124
374,375,60000,1,4,107,79,28,330,380,0,0,0,0,136.36,1,7,360,1,0,0,1,0,0,1,0,0,0,0,1,370.284607830091
375,376,70000,1,5,107,79,24,360,410,0,0,0,0,45.04,1,7,500,1,0,0,1,0,0,0,1,1,0,0,0,511.03243379626986
376,377,50000,1,4,107,79,13,480,300,0,0,0,0,47.68,2,7,520,1,0,0,1,0,0,1,0,1,0,0,0,519.6241862863392
377,378,80000,1,4,107,79,24,360,410,0,0,0,0,79.16,0,7,400,0,1,0,1,0,0,1,0,0,1,0,0,424.10781722021994
378,379,40000,1,4,107,79,34,330,380,0,0,0,0,112.36,1,7,360,1,0,0,1,0,0,1,0,1,0,0,0,359.2966744160888
379,380,100000,1,4,107,79,38,330,380,0,0,0,1,82.86,0,7,360,0,1,0,1,0,0,0,1,0,1,0,0,383.43433692566106
380,381,70000,1,5,107,79,48,240,290,0,0,0,0,93.41,3,7,350,0,1,0,1,0,0,1,0,1,0,0,0,339.2233186190312
381,382,70000,1,4,107,79,13,450,500,0,0,0,0,54.82,0,7,480,1,0,0,1,0,0,1,0,1,0,0,0,528.8805139789403
382,383,85000,1,6,107,79,44,285,330,0,0,0,0,82.46,2,7,480,1,0,0,1,0,0,0,1,1,0,0,0,493.0485931669366
383,384,70000,1,5,107,79,34,330,380,0,0,0,0,118.11,2,7,450,1,0,0,1,0,0,1,0,0,1,0,0,445.90774236142704
384,385,95000,1,6,107,79,44,285,330,0,0,0,0,55.58,0,7,480,1,0,0,1,0,0,1,0,1,0,0,0,503.0425287117855
385,386,65000,1,5,107,79,24,360,410,0,0,0,0,53.54,1,7,500,0,1,0,1,0,0,1,0,0,1,0,0,507.27908670605734
386,387,65000,1,3,107,79,8,645,400,0,0,0,0,48.84,1,7,510,0,1,0,1,0,0,0,1,0,1,0,0,569.7978322168151
387,388,65000,1,6,107,79,28,285,330,0,0,0,0,88.2,2,7,480,1,0,0,1,0,0,1,0,0,1,0,0,563.7716046215312
388,389,65000,1,6,107,79,28,285,330,0,0,0,0,42.2,0,7,480,1,0,0,1,0,0,1,0,1,0,0,0,557.7211126418512
389,390,65000,1,4,107,79,13,450,500,0,0,0,0,38.48,0,7,480,1,0,0,1,0,0,1,0,1,0,0,0,527.3744503015363
390,391,75000,1,4,107,79,13,480,300,0,0,0,0,47.76,1,7,520,0,1,0,1,0,0,1,0,0,1,0,0,528.2179588437693
391,392,70000,1,5,107,79,13,450,500,0,0,0,0,15.62,0,7,600,0,1,0,1,0,0,1,0,1,0,0,0,637.0349124379694
392,393,105000,1,6,107,79,24,360,410,0,0,0,0,23.19,1,7,600,1,0,0,1,0,0,1,0,1,0,0,0,649.3598371566284
393,394,60000,1,3,107,79,13,645,400,0,0,0,0,46.49,1,7,510,1,0,0,1,0,0,0,1,1,0,0,0,553.6331480274744
394,395,90000,1,6,107,79,44,285,330,0,0,0,0,65.73,0,7,480,1,0,0,1,0,0,1,0,1,0,0,0,499.0593290416265
395,396,80000,1,4,107,79,13,480,300,0,0,0,0,52.2,1,7,520,0,1,0,1,0,0,1,0,1,0,0,0,530.8272137700567
396,397,60000,1,4,107,79,13,480,300,0,0,0,0,67.36,1,7,520,1,0,0,1,0,0,0,1,0,1,0,0,522.8622960437067
397,398,95000,1,6,107,79,44,285,330,0,0,0,0,56.73,0,7,480,0,1,0,1,0,0,1,0,0,1,0,0,502.8823284287925
398,399,60000,1,3,107,79,8,570,280,0,0,0,0,135.2,2,7,450,1,0,0,1,0,0,1,0,0,1,0,0,509.5056102518254
399,400,65000,1,5,107,79,34,330,380,0,0,0,0,143.39,3,7,450,1,0,0,1,0,0,1,0,1,0,0,0,441.98479376262605
400,401,95000,1,6,0,74,48,240,290,0,0,0,0,121.56,3,7,420,0,1,0,1,0,0,0,1,1,0,0,0,402.692521214017
401,402,60000,1,3,0,74,8,645,400,0,0,0,0,66.03,2,7,510,0,1,0,1,0,0,1,0,0,1,0,0,529.8100891584455
402,403,95000,1,6,0,74,48,240,290,0,0,0,0,155.97,5,7,420,1,0,0,1,0,0,0,1,1,0,0,0,404.7089395128311
403,404,100000,1,3,0,74,8,570,280,0,0,0,0,116.73,3,7,450,0,1,0,1,0,0,1,0,0,1,0,0,514.2902778252378
404,405,60000,1,3,0,74,8,570,280,0,0,0,0,151.73,2,7,450,0,1,0,1,0,0,0,1,0,1,0,0,493.3059072148994
405,406,50000,1,4,0,74,13,480,300,0,0,0,0,44.18,3,7,520,1,0,0,1,0,0,1,0,1,0,0,0,494.85768846570113
406,407,100000,1,2,0,74,8,480,300,0,0,0,0,69.32,1,7,520,1,0,0,1,0,0,1,0,1,0,0,0,419.89806120628737
407,408,50000,1,4,0,74,8,480,300,0,0,0,0,91.55,2,7,520,1,0,0,1,0,0,1,0,1,0,0,0,519.6948669766899
408,409,100000,1,4,0,74,13,480,300,0,0,0,0,37.7,0,7,520,0,1,0,1,0,0,1,0,1,0,0,0,509.30148170367715
409,410,75000,1,4,0,74,13,405,450,0,0,0,0,94.34,3,7,440,0,1,0,1,0,0,0,1,1,0,0,0,450.73131103652725
410,411,80000,1,6,0,74,48,240,290,0,0,0,0,103.46,2,7,420,1,0,0,1,0,0,0,1,1,0,0,0,398.6753745590807
411,412,50000,1,4,0,74,13,405,450,0,0,0,0,196.36,2,7,440,1,0,0,0,1,0,1,0,0,1,0,0,432.95291747814747
412,413,100000,1,3,0,74,13,525,480,0,0,0,0,187.96,6,7,420,1,0,0,0,1,0,0,1,0,1,0,0,436.05156906778114
413,414,40000,1,4,0,74,24,360,410,0,0,0,0,220.1,1,7,400,0,1,0,0,1,0,0,1,0,1,0,0,362.0040366769646
414,415,65000,1,5,0,74,34,330,380,0,0,0,0,163.62,0,7,450,1,0,0,0,1,0,1,0,0,1,0,0,397.94524360731464
415,416,50000,1,4,0,74,24,405,450,0,0,0,0,138.36,3,7,440,1,0,0,0,1,0,0,1,1,0,0,0,395.54633161925426
416,417,90000,1,6,0,74,88,210,260,0,0,0,0,213.04,2,7,360,1,0,0,0,1,0,0,1,0,1,0,0,255.32480388635418
417,418,40000,1,4,0,74,20,405,450,0,0,0,0,145.72,2,7,440,1,0,0,0,1,0,0,1,1,0,0,0,406.45194042332275
418,419,50000,1,4,0,74,30,330,380,0,0,0,0,256.45,2,7,360,1,0,0,0,1,0,1,0,0,1,0,0,331.9496194761906
419,420,50000,1,4,0,74,20,405,450,0,0,0,0,180.25,2,7,440,1,0,0,0,1,0,0,1,1,0,0,0,406.88130813911647
420,421,50000,1,4,0,74,20,360,410,0,0,0,0,214.46,1,7,400,0,1,0,0,1,0,0,1,1,0,0,0,374.7577336918613
421,422,50000,1,5,0,74,88,210,260,0,0,0,0,319.04,2,7,300,1,0,0,0,1,0,1,0,0,1,0,0,218.90010158012706
422,423,50000,1,6,0,74,80,165,210,0,0,0,0,311.67,8,7,300,0,1,0,0,1,0,0,1,0,1,0,0,308.65752840893504
423,424,50000,1,4,0,74,30,330,380,0,0,0,0,247.03,6,7,360,0,1,0,0,1,0,0,1,1,0,0,0,339.1148408632803
424,425,95000,1,6,0,74,88,210,260,0,0,0,0,145.5,1,7,360,1,0,0,0,1,0,0,1,0,1,0,0,255.21697081758577
425,426,65000,1,5,0,74,40,240,290,0,0,0,0,243.13,5,7,350,1,0,0,0,1,0,0,1,1,0,0,0,329.62522335265135
426,427,95000,1,6,0,74,88,210,260,0,0,0,0,277.12,3,7,360,1,0,0,0,1,0,0,1,0,1,0,0,254.79069484298554
427,428,100000,1,6,0,74,88,210,260,0,0,0,0,259.28,2,7,360,0,1,0,0,1,0,1,0,0,1,0,0,254.4599183691837
428,429,100000,1,3,0,74,13,480,300,0,0,0,0,223.83,1,7,390,0,1,0,0,1,0,0,1,0,1,0,0,402.82251281992785
429,430,100000,1,4,0,74,20,360,410,0,0,0,0,221.54,7,7,400,0,1,0,0,1,0,0,1,0,1,0,0,400.94270087319535
430,431,100000,1,3,0,74,13,450,500,0,0,0,0,254.95,6,7,360,0,1,0,0,1,0,0,1,1,0,0,0,405.6483159119424
431,432,100000,1,4,0,74,30,330,380,0,0,0,0,256.85,3,7,360,0,1,0,0,1,0,0,1,0,1,0,0,350.969061676753
432,433,60000,1,3,0,74,13,450,500,0,0,0,0,304.61,2,7,360,1,0,0,0,1,0,1,0,1,0,0,0,380.12642592622456
433,434,70000,1,5,0,74,40,240,290,0,0,0,0,322.06,7,7,350,0,1,0,0,1,0,1,0,1,0,0,0,333.6089706108653
434,435,70000,1,5,0,74,38,240,290,0,0,0,0,318.11,5,7,350,1,0,0,0,1,0,0,1,0,0,0,1,337.04541914586844
435,436,90000,1,6,0,74,88,210,260,0,0,0,0,320.63,1,7,360,1,0,0,0,1,0,1,0,1,0,0,0,254.7601071365758
436,437,95000,1,6,0,74,40,240,290,0,0,0,0,256.73,4,7,420,1,0,0,0,1,0,0,1,0,1,0,0,418.81176948627626
437,438,105000,1,4,0,74,20,405,450,0,0,0,0,260.6,4,7,440,1,0,0,0,1,0,0,1,1,0,0,0,427.48696459835725
438,439,55000,1,3,0,74,40,450,500,0,0,0,0,318.02,3,7,360,0,1,0,0,1,0,0,1,1,0,0,0,251.22408830580463
439,440,55000,1,3,0,74,13,450,500,0,0,0,0,301.88,2,7,360,0,1,0,0,1,0,1,0,0,1,0,0,378.40863830557805
440,441,90000,1,6,0,74,40,240,290,0,0,0,0,234.06,2,7,420,1,0,0,0,1,0,1,0,0,1,0,0,414.42336619950737
441,442,45000,1,3,0,74,13,525,480,0,0,0,0,234.36,4,7,420,1,0,0,0,1,0,1,0,1,0,0,0,414.98029818415176
442,443,100000,1,4,0,74,13,525,480,0,0,0,0,132.0,1,7,560,0,1,0,0,1,0,1,0,0,1,0,0,532.6538758500519
443,444,60000,1,3,0,74,20,405,450,0,0,0,0,206.63,7,7,330,1,0,0,0,1,0,1,0,0,1,0,0,348.35049725198917
444,445,80000,1,6,0,74,30,330,380,0,0,0,0,138.22,4,7,540,1,0,0,0,1,0,1,0,0,1,0,0,541.6847768228802
445,446,85000,1,6,0,74,20,360,410,0,0,0,0,80.99,2,7,600,1,0,0,0,1,0,1,0,0,1,0,0,621.784219999385
446,447,85000,1,4,0,74,8,600,450,0,0,0,0,26.17,0,7,640,1,0,0,1,0,0,0,1,0,1,0,0,609.8316893639717
447,448,85000,1,6,0,74,20,360,410,0,0,0,0,109.66,4,7,600,0,1,0,0,1,0,1,0,1,0,0,0,621.0865752615625
448,449,85000,1,3,0,74,8,690,500,0,0,0,0,174.52,9,7,540,0,1,0,0,1,0,1,0,1,0,0,0,532.9052050675247
449,450,85000,1,4,0,74,20,405,450,0,0,0,0,255.15,11,7,440,1,0,0,0,1,0,0,1,1,0,0,0,424.8571602547345
450,451,40000,1,4,0,74,20,405,450,0,0,0,0,297.06,11,7,440,0,1,0,0,1,0,1,0,0,1,0,0,421.421953288605
451,452,40000,1,4,0,74,20,405,450,0,0,0,0,276.74,10,7,440,1,0,0,0,0,1,0,1,0,0,1,0,461.35671770909835
452,453,60000,1,3,0,74,8,525,480,0,0,0,0,261.28,9,7,420,1,0,0,0,1,0,0,1,1,0,0,0,440.07844809907397
453,454,55000,1,3,0,74,8,600,450,0,0,0,0,209.29,8,7,480,0,1,0,0,1,0,0,1,1,0,0,0,488.78172862740996
454,455,95000,1,6,0,74,40,285,330,0,0,0,0,238.03,6,7,480,1,0,0,0,1,0,1,0,1,0,0,0,460.49862424514066
455,456,95000,1,6,0,74,30,330,380,0,0,0,0,160.65,8,7,540,1,0,0,0,1,0,1,0,1,0,0,0,552.6146445925623
456,457,95000,1,4,0,74,13,480,300,0,0,0,0,152.07,6,7,520,1,0,0,0,1,0,0,1,1,0,0,0,495.4399661243159
457,458,95000,1,4,0,74,8,525,480,0,0,0,0,112.64,4,7,560,1,0,0,0,1,0,1,0,0,1,0,0,574.4256598974578
458,459,95000,1,3,0,74,8,645,400,0,0,0,0,177.19,4,7,510,0,1,0,0,1,0,1,0,1,0,0,0,535.7488233736418
459,460,95000,1,4,0,74,8,480,300,0,0,0,0,159.15,2,7,520,0,1,0,0,1,0,1,0,1,0,0,0,524.5319228304262
460,461,95000,1,3,0,74,8,765,280,0,0,0,0,97.59,2,7,600,1,0,0,0,1,0,1,0,1,0,0,0,625.3223049361516
461,462,90000,1,6,0,74,20,360,410,0,0,0,0,80.06,3,7,600,1,0,0,0,1,0,0,1,0,1,0,0,625.8134811344651
462,463,45000,1,3,0,74,8,810,550,0,0,0,0,70.01,1,7,630,0,1,0,1,0,0,1,0,1,0,0,0,553.228853700134
463,464,85000,1,6,0,74,40,285,330,0,0,0,0,183.13,4,7,480,0,1,0,0,1,0,0,1,0,1,0,0,454.20331857181
464,465,105000,1,4,0,74,8,525,480,0,0,0,0,116.71,4,7,560,0,1,0,0,1,0,1,0,1,0,0,0,576.3519341298354
465,466,105000,1,3,0,74,8,765,280,0,0,0,0,86.05,5,7,600,0,1,0,0,1,0,1,0,0,1,0,0,631.0488130096833
466,467,95000,1,6,0,74,20,405,450,0,0,0,0,46.53,3,7,660,0,1,0,1,0,0,1,0,1,0,0,0,616.2318202333374
467,468,65000,1,5,0,74,13,480,300,0,0,0,0,52.33,3,7,650,1,0,0,1,0,0,0,1,0,1,0,0,603.5482478464994
468,469,65000,1,5,0,74,13,480,300,0,0,0,0,70.72,4,7,650,1,0,0,0,1,0,0,1,0,1,0,0,601.1526591195404
469,470,50000,1,4,0,74,8,645,400,0,0,0,0,67.12,3,7,680,1,0,0,0,1,0,0,1,1,0,0,0,635.9348222387225
470,471,70000,1,5,0,74,20,360,410,0,0,0,0,141.82,4,7,500,0,1,0,0,1,0,0,1,1,0,0,0,486.0697655395646
471,472,80000,1,4,0,74,13,450,500,0,0,0,0,211.68,8,7,480,1,0,0,0,1,0,0,1,1,0,0,0,479.36314516658865
472,473,85000,1,4,0,74,13,450,500,0,0,0,0,221.62,10,7,480,1,0,0,0,1,0,1,0,1,0,0,0,481.69294882302006
473,474,95000,1,6,0,74,30,330,380,0,0,0,0,155.08,6,7,540,1,0,0,0,1,0,0,1,1,0,0,0,551.5952425265679
474,475,75000,1,4,0,74,13,450,500,0,0,0,0,248.6,11,7,480,1,0,0,0,1,0,1,0,1,0,0,0,481.48354331219963
475,476,50000,1,4,0,74,13,450,500,0,0,0,0,260.95,10,7,480,0,1,0,0,1,0,1,0,0,1,0,0,481.50424502158376
476,477,80000,1,4,0,74,13,405,450,0,0,0,0,297.67,10,7,440,0,1,0,0,1,0,0,1,1,0,0,0,443.54635053957827
477,478,45000,1,3,0,74,20,360,410,0,0,0,0,368.4,15,7,300,0,1,0,0,1,0,0,1,1,0,0,0,340.53465455930655
478,479,80000,1,4,0,74,38,285,330,0,0,0,0,315.36,11,7,320,1,0,0,0,1,0,1,0,1,0,0,0,311.47428905806464
479,480,85000,1,6,0,74,80,165,210,0,0,0,0,346.99,9,7,300,0,1,0,0,1,0,1,0,1,0,0,0,294.67955591485963
480,481,100000,1,4,0,74,40,240,290,0,0,0,0,317.16,10,7,280,1,0,0,0,1,0,1,0,1,0,0,0,293.9772213187683
481,482,105000,1,3,0,74,40,240,290,0,0,0,0,409.42,6,7,210,0,1,0,0,1,0,0,1,0,1,0,0,252.240536222782
482,483,60000,1,3,0,74,88,210,260,0,0,0,0,461.86,7,7,180,1,0,0,0,1,0,1,0,0,1,0,0,191.9984826086731
483,484,105000,1,6,0,74,70,120,170,0,0,0,0,371.01,12,7,240,0,1,0,0,1,0,1,0,0,1,0,0,300.5618881235265
484,485,40000,1,4,0,74,40,240,290,0,0,0,0,398.42,12,7,280,0,1,0,0,1,0,1,0,1,0,0,0,285.33977456511116
485,486,55000,1,3,0,74,88,210,260,0,0,0,0,463.79,9,7,180,1,0,0,0,1,0,0,1,1,0,0,0,189.60746886359428
486,487,55000,1,4,0,74,40,285,330,0,0,0,0,308.15,12,7,320,0,1,0,0,1,0,0,1,1,0,0,0,304.3855887186807
487,488,55000,1,5,0,74,88,210,260,0,0,0,0,337.38,11,7,300,1,0,0,0,1,0,0,1,0,1,0,0,222.090150476799
488,489,55000,1,4,0,74,48,240,290,0,0,0,0,324.49,9,7,280,0,1,0,0,1,0,1,0,1,0,0,0,267.2957235497033
489,490,55000,1,6,0,74,48,240,290,0,0,0,0,270.65,7,7,420,0,1,0,0,1,0,0,1,0,1,0,0,390.6904776454546
490,491,55000,1,6,0,74,40,285,330,0,0,0,0,180.23,7,7,480,1,0,0,0,1,0,1,0,1,0,0,0,446.3580065640209
491,492,55000,1,6,0,74,80,165,210,0,0,0,0,391.76,6,7,300,0,1,0,0,1,0,0,1,0,1,0,0,309.79660664587624
492,493,75000,1,4,0,74,38,285,330,0,0,0,0,322.41,6,7,320,0,1,0,0,1,0,1,0,0,1,0,0,301.68816410849274
493,494,55000,1,3,0,74,20,360,410,0,0,0,0,337.0,4,7,300,1,0,0,0,1,0,0,1,0,1,0,0,324.5415628838674
494,495,85000,1,6,0,74,80,165,210,0,0,0,0,319.9,3,7,300,1,0,0,0,1,0,1,0,0,1,0,0,292.06927410677423
495,496,90000,1,6,0,74,42,285,330,0,0,0,0,253.51,3,7,480,1,0,0,0,1,0,1,0,1,0,0,0,445.25671310310435
496,497,90000,1,6,0,74,42,285,330,0,0,0,0,229.11,4,7,480,1,0,0,0,1,0,1,0,0,1,0,0,447.61367418238785
497,498,90000,1,4,0,74,8,480,300,0,0,0,0,177.55,5,7,520,0,1,0,0,1,0,1,0,0,1,0,0,519.5655358310515
498,499,90000,1,4,0,74,8,525,480,0,0,0,0,106.47,3,7,560,1,0,0,1,0,0,0,1,1,0,0,0,561.5992985140238
499,500,90000,1,6,0,74,22,360,410,0,0,0,0,77.01,4,7,600,1,0,0,1,0,0,1,0,0,0,0,1,591.2254381596927
500,501,105000,1,4,107,75,8,570,280,0,0,0,0,87.09,0,7,600,1,0,0,1,0,0,0,1,0,1,0,0,637.0159678718949
501,502,80000,1,6,107,75,48,240,290,0,0,0,0,202.25,5,7,420,1,0,0,0,1,0,0,1,0,1,0,0,448.0950333726783
502,503,60000,1,3,107,75,22,360,410,0,0,0,0,303.64,11,7,300,0,1,0,0,1,0,1,0,0,1,0,0,331.0318812305098
503,504,100000,1,3,107,75,8,600,450,0,0,0,0,241.25,11,7,480,1,0,0,0,1,0,1,0,1,0,0,0,536.1869351098927
504,505,100000,1,4,107,75,8,480,300,0,0,0,0,116.1,0,7,520,1,0,0,0,1,0,1,0,1,0,0,0,552.7371881577659
505,506,50000,1,4,107,75,8,480,300,0,0,0,0,142.04,2,7,520,1,0,0,0,1,0,0,1,0,1,0,0,527.9805849261652
506,507,70000,1,5,107,75,22,360,410,0,0,0,0,160.8,5,7,500,1,0,0,0,1,0,1,0,0,1,0,0,527.2562376415814
507,508,55000,1,3,107,75,8,600,450,0,0,0,0,169.12,2,7,480,1,0,0,0,1,0,0,1,1,0,0,0,509.50623331062525
508,509,55000,1,5,107,75,22,360,410,0,0,0,0,115.69,5,7,500,1,0,0,0,1,0,0,1,0,1,0,0,522.9719082186122
509,510,80000,1,4,107,75,6,480,300,0,0,0,0,126.15,3,7,520,1,0,0,0,1,0,1,0,1,0,0,0,545.5665671550114
510,511,90000,1,6,107,75,38,285,330,0,0,0,0,213.46,16,7,480,1,0,0,0,1,0,1,0,1,0,0,0,530.6034960113113
511,512,75000,1,4,107,75,13,480,300,0,0,0,0,104.0,3,7,520,1,0,0,0,1,0,1,0,1,0,0,0,501.36941262718756
512,513,75000,1,4,107,75,13,450,500,0,0,0,0,212.21,16,7,480,1,0,0,0,1,0,1,0,0,1,0,0,505.3869356479106
513,514,95000,1,4,107,75,8,525,480,0,0,0,0,76.69,0,7,560,1,0,0,1,0,0,1,0,1,0,0,0,604.1757574237085
514,515,55000,1,3,107,75,8,690,500,0,0,0,0,99.01,0,7,540,0,1,0,0,1,0,1,0,0,1,0,0,528.8141320351974
515,516,85000,1,6,107,75,38,285,330,0,0,0,0,260.0,2,7,480,1,0,0,0,1,0,0,1,0,1,0,0,550.622875101674
516,517,70000,1,5,107,75,8,480,300,0,0,0,0,46.01,4,7,650,0,1,0,0,1,0,1,0,0,1,0,0,655.9023607369301
517,518,70000,1,5,107,75,22,360,410,0,0,0,0,105.91,9,7,500,0,1,0,0,1,0,1,0,0,1,0,0,518.7655137467873
518,519,90000,1,6,107,75,38,285,330,0,0,0,0,129.99,4,7,480,1,0,0,1,0,0,1,0,1,0,0,0,512.6822288114022
519,520,50000,1,3,107,75,6,600,450,0,0,0,0,151.17,2,7,480,1,0,0,0,1,0,1,0,1,0,0,0,513.4184575101375
520,521,55000,1,4,107,75,6,570,280,0,0,0,0,78.6,2,7,600,1,0,0,0,1,0,1,0,1,0,0,0,600.5975149982254
521,522,95000,1,6,107,75,38,285,330,0,0,0,0,148.5,1,7,480,1,0,0,0,1,0,1,0,0,1,0,0,516.2242563860473
522,523,80000,1,4,107,75,13,450,500,0,0,0,0,158.9,6,7,480,0,1,0,0,1,0,0,1,0,1,0,0,495.28477290461393
523,524,95000,1,6,107,75,48,240,290,0,0,0,0,208.24,11,7,420,0,1,0,1,0,0,0,1,0,1,0,0,452.6454942916771
524,525,55000,1,3,107,75,8,720,380,0,0,0,0,99.41,0,7,570,1,0,0,0,1,0,0,1,0,1,0,0,594.4877928424851
525,526,40000,1,4,107,75,13,450,500,0,0,0,0,160.25,0,7,480,1,0,0,0,1,0,0,1,0,1,0,0,520.4042437186315
526,527,105000,1,6,107,75,48,240,290,0,0,0,0,220.51,5,7,420,0,1,0,1,0,0,0,1,0,1,0,0,455.5671559514866
527,528,90000,1,6,107,75,42,285,330,0,0,0,0,149.91,3,7,480,0,1,0,1,0,0,0,1,1,0,0,0,500.04844461744534
528,529,40000,1,4,107,75,8,570,280,0,0,0,0,78.23,1,7,600,0,1,0,0,1,0,1,0,1,0,0,0,591.2677862541763
529,530,100000,1,6,107,75,13,405,450,0,0,0,0,47.17,1,7,660,1,0,0,0,1,0,1,0,0,1,0,0,729.5491004650021
530,531,65000,1,5,107,75,32,330,380,0,0,0,0,147.96,3,7,450,0,1,0,0,1,0,1,0,0,1,0,0,451.61026958489026
531,532,65000,1,5,107,75,13,450,500,0,0,0,0,87.37,5,7,600,1,0,0,0,1,0,0,1,1,0,0,0,613.8705573829765
532,533,65000,1,3,107,75,8,765,280,0,0,0,0,89.27,1,7,600,1,0,0,0,1,0,0,1,0,1,0,0,629.6229507090566
533,534,65000,1,4,107,75,13,405,450,0,0,0,0,208.89,6,7,440,1,0,0,0,1,0,0,1,0,0,0,1,480.8569317090866
534,535,65000,1,6,107,75,38,240,290,0,0,0,0,213.78,4,7,420,1,0,0,0,1,0,0,1,1,0,0,0,504.6149475700014
535,536,80000,1,4,107,75,22,360,410,0,0,0,0,229.31,6,7,400,0,1,0,0,1,0,1,0,0,1,0,0,409.1362518335824
536,537,90000,1,6,107,75,38,285,330,0,0,0,0,152.74,3,7,480,0,1,0,0,1,0,1,0,0,1,0,0,517.7448158132053
537,538,95000,1,6,107,75,42,240,290,0,0,0,0,185.98,2,7,420,0,1,0,1,0,0,0,1,1,0,0,0,478.1266794672857
538,539,100000,1,4,107,75,13,450,500,0,0,0,0,143.68,2,7,480,1,0,0,0,1,0,1,0,1,0,0,0,509.88068442064355
539,540,95000,1,6,107,75,22,360,410,0,0,0,0,88.51,1,7,600,0,1,0,0,1,0,0,1,0,1,0,0,653.7650763224133
540,541,95000,1,3,107,75,8,600,450,0,0,0,0,126.57,1,7,480,0,1,0,0,1,0,1,0,1,0,0,0,526.2581070476305
541,542,95000,1,4,107,75,13,450,500,0,0,0,0,295.1,6,7,480,1,0,0,0,1,0,1,0,0,1,0,0,518.0360823034149
542,543,95000,1,4,107,75,13,450,500,0,0,0,0,202.06,5,7,480,0,1,0,0,1,0,0,1,1,0,0,0,504.6225621213653
543,544,100000,1,4,107,75,22,405,450,0,0,0,0,295.43,7,7,440,1,0,0,0,1,0,0,1,0,1,0,0,451.9859914351622
544,545,40000,1,4,107,75,22,360,410,0,0,0,0,310.11,1,7,400,0,1,0,0,1,0,1,0,1,0,0,0,462.02770698806387
545,546,60000,1,3,107,75,8,600,450,0,0,0,0,233.14,3,7,480,1,0,0,0,1,0,0,1,1,0,0,0,526.7966227936384
546,547,50000,1,4,107,75,13,450,500,0,0,0,0,187.78,3,7,480,0,1,0,0,1,0,1,0,0,1,0,0,517.8596964102098
547,548,50000,1,4,107,75,38,285,330,0,0,0,0,308.1,5,7,320,1,0,0,0,1,0,0,1,0,1,0,0,343.0477568395896
548,549,90000,1,6,107,75,88,165,210,0,0,0,0,344.48,4,7,300,1,0,0,0,1,0,0,1,0,1,0,0,325.88059641926435
549,550,55000,1,3,107,75,22,360,410,0,0,0,0,339.53,0,7,300,0,1,0,0,1,0,0,1,0,1,0,0,355.211286090754
550,551,55000,1,3,107,75,22,360,410,0,0,0,0,304.31,1,7,300,0,1,0,0,1,0,0,1,1,0,0,0,349.93398300302806
551,552,55000,1,5,107,75,42,285,330,0,0,0,0,204.79,3,7,400,0,1,0,0,1,0,0,1,1,0,0,0,395.37438300342734
552,553,55000,1,6,107,75,88,210,260,0,0,0,0,290.72,6,7,360,0,1,0,0,1,0,1,0,0,1,0,0,332.92392426782067
553,554,55000,1,4,107,75,13,450,500,0,0,0,0,132.7,3,7,480,0,1,0,0,1,0,1,0,0,1,0,0,501.0548403533723
554,555,55000,1,3,107,75,8,600,450,0,0,0,0,121.75,1,7,480,0,1,0,0,1,0,1,0,0,1,0,0,501.2267493489211
555,556,55000,1,4,107,75,22,360,410,0,0,0,0,195.01,3,7,400,0,1,0,0,1,0,1,0,0,1,0,0,406.04774888844725
556,557,55000,1,4,107,75,22,360,410,0,0,0,0,149.6,0,7,400,0,1,0,0,1,0,1,0,1,0,0,0,413.54383101844473
557,558,60000,1,3,107,75,42,285,330,0,0,0,0,410.67,5,7,240,1,0,0,0,1,0,0,1,0,1,0,0,290.5291644931275
558,559,85000,1,6,107,75,82,165,210,0,0,0,0,320.65,6,7,300,0,1,0,0,1,0,0,1,0,1,0,0,342.1896952410851
559,560,90000,1,6,107,75,92,90,140,0,0,0,0,406.23,9,7,180,0,1,0,0,1,0,1,0,0,1,0,0,310.703930387664
560,561,100000,1,4,107,75,82,165,210,0,0,0,0,546.36,7,7,200,1,0,0,0,1,0,1,0,0,1,0,0,233.14429504838625
561,562,55000,1,3,107,75,8,765,280,0,0,0,0,60.21,2,7,600,1,0,0,0,1,0,0,1,1,0,0,0,621.1423147853028
562,563,65000,1,5,107,75,22,405,450,0,0,0,0,73.35,3,7,550,1,0,0,1,0,0,1,0,1,0,0,0,526.957005009936
563,564,85000,1,3,107,75,13,600,450,0,0,0,0,113.15,6,7,480,0,1,0,1,0,0,0,1,0,1,0,0,507.96969003544655
564,565,105000,1,4,107,75,8,570,280,0,0,0,0,81.22,4,7,600,0,1,0,1,0,0,0,1,1,0,0,0,625.1877953832516
565,566,75000,1,4,107,75,8,570,280,0,0,0,0,80.75,3,7,600,1,0,0,0,1,0,0,1,0,1,0,0,602.530511947503
566,567,90000,1,6,107,75,38,285,330,0,0,0,0,229.03,6,7,480,0,1,0,0,1,0,0,1,0,1,0,0,534.981260283808
567,568,55000,1,3,107,75,38,285,330,0,0,0,0,471.35,10,7,240,1,0,0,0,1,0,0,1,1,0,0,0,320.06636738907383
568,569,70000,1,5,107,75,82,120,170,0,0,0,0,390.93,5,7,200,1,0,0,0,1,0,0,1,0,1,0,0,279.6479670284065
569,570,70000,1,5,107,75,82,120,170,0,0,0,0,429.75,11,7,200,0,1,0,0,1,0,1,0,0,1,0,0,283.37206765312067
570,571,40000,1,4,107,75,42,285,330,0,0,0,0,312.82,3,7,320,1,0,0,0,1,0,0,1,1,0,0,0,348.0342075718574
571,572,55000,1,4,107,75,42,285,330,0,0,0,0,319.86,10,7,320,0,1,0,0,1,0,0,1,0,1,0,0,326.04722797871807
572,573,70000,1,5,107,75,82,120,170,0,0,0,0,481.27,8,7,200,0,1,0,0,1,0,1,0,1,0,0,0,291.444459140935
573,574,80000,1,4,107,75,82,210,260,0,0,0,0,373.61,7,7,240,0,1,0,0,1,0,0,1,1,0,0,0,232.16663751859323
574,575,75000,1,4,107,75,13,450,500,0,0,0,0,152.08,2,7,480,0,1,0,0,1,0,1,0,1,0,0,0,504.74087987028423
575,576,105000,1,4,107,75,22,405,450,0,0,0,0,178.19,7,7,440,1,0,0,0,1,0,1,0,0,1,0,0,438.2917313652901
576,577,80000,1,4,107,75,22,405,450,0,0,0,0,240.05,8,7,440,0,1,0,0,1,0,1,0,0,1,0,0,438.124842570733
577,578,95000,1,5,107,75,38,285,330,0,0,0,0,262.49,6,7,400,1,0,0,0,1,0,1,0,1,0,0,0,409.62795541638775
578,579,70000,1,5,107,75,82,165,210,0,0,0,0,394.87,9,7,250,0,1,0,0,1,0,1,0,0,1,0,0,286.8256952719679
579,580,50000,1,4,107,75,42,210,260,0,0,0,0,365.17,1,7,240,1,0,0,0,1,0,1,0,0,1,0,0,331.03166063212814
580,581,65000,1,5,107,75,22,360,410,0,0,0,0,183.36,4,7,500,1,0,0,1,0,0,1,0,0,0,1,0,525.2877454035174
581,582,95000,1,6,107,75,42,285,330,0,0,0,0,227.27,5,7,480,1,0,0,0,1,0,1,0,0,1,0,0,511.4887416014046
582,583,90000,1,6,107,75,48,240,290,0,0,0,0,253.12,4,7,420,1,0,0,0,1,0,0,1,1,0,0,0,459.00514563115235
583,584,95000,1,3,107,75,8,765,280,0,0,0,0,86.93,0,7,600,0,1,0,1,0,0,1,0,0,1,0,0,677.9184779596756
584,585,45000,1,3,107,75,8,720,380,0,0,0,0,90.43,5,7,570,1,0,0,0,1,0,0,1,0,1,0,0,584.3805346531689
585,586,60000,1,3,107,75,8,600,450,0,0,0,0,174.18,4,7,480,0,1,0,0,1,0,0,1,1,0,0,0,510.62445013638626
586,587,80000,1,4,107,75,13,450,500,0,0,0,0,217.86,9,7,480,1,0,0,0,1,0,1,0,1,0,0,0,497.9093507780013
587,588,85000,1,6,107,75,42,240,290,0,0,0,0,280.06,11,7,420,1,0,0,0,1,0,1,0,0,1,0,0,492.67600658707795
588,589,60000,1,3,107,75,8,570,280,0,0,0,0,168.05,1,7,450,1,0,0,0,1,0,1,0,1,0,0,0,475.79700546231214
589,590,85000,1,3,107,75,22,360,410,0,0,0,0,336.01,7,7,300,1,0,0,0,1,0,1,0,1,0,0,0,344.44631577261833
590,591,60000,1,3,107,75,42,285,330,0,0,0,0,391.66,11,7,240,1,0,0,0,1,0,0,1,1,0,0,0,283.6502890159762
591,592,60000,1,3,107,75,42,285,330,0,0,0,0,470.12,7,7,240,0,1,0,0,1,0,1,0,0,1,0,0,303.9979507024864
592,593,60000,1,3,107,75,62,210,260,0,0,0,0,505.18,5,7,180,0,1,0,0,1,0,1,0,1,0,0,0,257.81242748340657
593,594,60000,1,5,107,75,92,90,140,0,0,0,0,523.07,4,7,150,0,1,0,0,1,0,0,1,1,0,0,0,296.7500748339894
594,595,60000,1,4,107,75,82,165,210,0,0,0,0,419.0,12,7,200,1,0,0,0,1,0,0,1,1,0,0,0,259.6936673595112
595,596,60000,1,5,107,75,72,120,170,0,0,0,0,507.63,17,7,200,0,1,0,0,1,0,0,1,0,1,0,0,329.8283257922169
596,597,60000,1,5,107,75,82,165,210,0,0,0,0,348.3,8,7,250,0,1,0,0,1,0,1,0,0,1,0,0,293.9839527789901
597,598,60000,1,4,107,75,48,240,290,0,0,0,0,345.61,2,7,280,0,1,0,0,1,0,0,1,0,1,0,0,305.2518605056342
598,599,65000,1,5,107,75,42,285,330,0,0,0,0,274.9,1,7,400,0,1,0,0,1,0,0,1,1,0,0,0,409.097701948524
599,600,65000,1,5,107,75,22,360,410,0,0,0,0,167.6,3,7,500,1,0,0,1,0,0,1,0,1,0,0,0,534.049972657731
600,601,95000,1,6,284,76,48,240,290,0,0,0,0,292.36,3,7,420,0,1,0,0,1,0,1,0,0,1,0,0,436.05531933946907
601,602,95000,1,6,284,76,82,120,170,0,0,0,0,383.94,5,7,240,0,1,0,0,1,0,0,1,1,0,0,0,261.2629256483432
602,603,95000,1,6,284,76,82,120,170,0,0,0,0,357.19,12,7,240,1,0,0,0,1,0,1,0,0,1,0,0,258.9884843992154
603,604,70000,1,5,284,76,42,285,330,0,0,0,0,291.78,6,7,400,0,1,0,0,1,0,0,1,1,0,0,0,379.96441495595343
604,605,70000,1,4,284,76,62,210,260,0,0,0,0,367.35,8,7,240,0,1,0,0,1,0,0,1,0,1,0,0,213.1717621284139
605,606,65000,1,5,284,76,82,165,210,0,0,0,0,253.65,6,7,250,1,0,0,0,1,0,1,0,1,0,0,0,244.72344951954275
606,607,90000,1,6,284,76,72,120,170,0,0,0,0,281.83,3,7,240,1,0,0,0,1,0,1,0,1,0,0,0,283.6035669762853
607,608,90000,1,6,284,76,82,120,170,0,0,0,0,273.75,5,7,240,0,1,0,0,1,0,1,0,0,1,0,0,273.90200815520376
608,609,40000,1,4,284,76,82,165,210,0,0,0,0,300.83,10,7,200,1,0,0,0,1,0,0,1,1,0,0,0,190.55456406189938
609,610,105000,1,4,284,76,82,165,210,0,0,0,0,349.21,5,7,200,1,0,0,0,1,0,0,1,0,1,0,0,203.19002002555547
610,611,40000,1,4,284,76,82,120,170,0,0,0,0,426.48,4,7,160,1,0,0,0,1,0,0,1,1,0,0,0,158.0721957175311
611,612,80000,1,4,284,76,72,120,170,0,0,0,0,429.36,4,7,160,0,1,0,0,1,0,1,0,1,0,0,0,165.34231742493148
612,613,95000,1,3,284,76,48,210,260,0,0,0,0,392.21,12,7,180,1,0,0,0,1,0,0,1,1,0,0,0,198.70053516343526
613,614,50000,1,4,284,76,82,165,210,0,0,0,0,342.53,4,7,200,0,1,0,0,1,0,0,1,1,0,0,0,186.3066690585237
614,615,45000,1,4,284,76,82,120,170,0,0,0,0,391.09,10,7,160,0,1,0,0,1,0,0,1,1,0,0,0,150.80846690019263
615,616,40000,1,4,284,76,48,210,260,0,0,0,0,278.71,0,7,240,1,0,0,0,1,0,1,0,1,0,0,0,241.38544371002322
616,617,90000,1,6,284,76,82,120,170,0,0,0,0,212.95,5,7,240,0,1,0,0,1,0,0,1,0,1,0,0,283.1366357479373
617,618,45000,1,3,284,76,42,285,330,0,0,0,0,278.63,5,7,240,1,0,0,0,1,0,0,1,0,1,0,0,233.52467426171825
618,619,60000,1,6,284,76,82,120,170,0,0,0,0,323.54,4,7,240,1,0,0,0,1,0,1,0,0,1,0,0,264.8854566260926
619,620,45000,1,3,284,76,42,285,330,0,0,0,0,421.23,8,7,240,0,1,0,0,1,0,1,0,1,0,0,0,229.5119678017586
620,621,45000,1,6,284,76,82,120,170,0,0,0,0,345.01,6,7,240,1,0,0,0,1,0,0,1,0,0,0,1,265.41419109280616
621,622,60000,1,4,284,76,42,240,290,0,0,0,0,308.52,4,7,280,1,0,0,1,0,0,1,0,1,0,0,0,276.8292098365266
622,623,105000,1,4,284,76,8,645,400,0,0,0,0,401.4,8,7,680,0,1,0,0,1,0,1,0,0,1,0,0,666.1741098777823
623,624,55000,1,3,284,76,48,285,330,0,0,0,0,326.7,8,7,240,0,1,0,0,1,0,0,1,0,1,0,0,222.3899935252739
624,625,50000,1,4,284,76,82,165,210,0,0,0,0,417.54,9,7,200,0,1,0,0,1,0,0,1,0,1,0,0,170.16124782212444
625,626,105000,1,4,284,76,8,645,400,0,0,0,0,127.0,3,7,680,0,1,0,0,1,0,1,0,0,1,0,0,686.06476797868
626,627,50000,1,4,284,76,82,165,210,0,0,0,0,36.24,1,7,200,1,0,0,1,0,0,0,1,1,0,0,0,250.02389439539365
627,628,70000,1,5,284,76,82,165,210,0,0,0,0,103.09,2,7,250,0,1,0,0,1,0,0,1,1,0,0,0,286.2547437186922
628,629,40000,1,4,284,76,88,120,170,0,0,0,0,189.31,6,7,160,0,1,0,0,1,0,0,1,1,0,0,0,203.4737795408925
629,630,80000,1,4,284,76,48,285,330,0,0,0,0,200.46,5,7,320,1,0,0,0,1,0,1,0,0,1,0,0,291.7966556353234
630,631,90000,1,6,284,76,13,405,450,0,0,0,0,175.82,5,7,660,1,0,0,0,1,0,0,1,0,1,0,0,713.3536710096755
631,632,100000,1,3,284,76,22,840,550,0,0,0,0,94.83,0,7,660,1,0,0,1,0,0,1,0,1,0,0,0,620.7710419990635
632,633,55000,1,3,284,76,38,285,330,0,0,0,0,50.16,2,7,240,0,1,0,1,0,0,1,0,0,1,0,0,259.7627910079426
633,634,50000,1,4,284,76,38,285,330,0,0,0,0,83.76,2,7,320,1,0,0,1,0,0,1,0,0,1,0,0,347.11235823506655
634,635,80000,1,4,284,76,38,285,330,0,0,0,0,57.94,0,7,320,1,0,0,1,0,0,1,0,1,0,0,0,365.3380886142353
635,636,80000,1,6,284,76,32,330,380,0,0,0,0,131.03,1,7,540,0,1,0,1,0,0,1,0,0,1,0,0,600.705438160044
636,637,80000,1,3,284,76,8,765,280,0,0,0,0,143.89,3,7,600,1,0,0,1,0,0,0,1,1,0,0,0,655.6529589756816
637,638,80000,1,3,284,76,38,285,330,0,0,0,0,167.29,6,7,240,1,0,0,1,0,0,1,0,1,0,0,0,251.41056151355377
638,639,80000,1,4,284,76,38,285,330,0,0,0,0,124.33,2,7,320,1,0,0,1,0,0,0,1,0,1,0,0,355.44414175030727
639,640,80000,1,5,284,76,82,165,210,0,0,0,0,64.5,2,7,250,0,1,0,1,0,0,0,1,1,0,0,0,303.938778172281
640,641,80000,1,6,284,76,32,330,380,0,0,0,0,23.0,1,7,540,1,0,0,1,0,0,1,0,1,0,0,0,614.0283221296335
641,642,80000,1,5,284,76,82,165,210,0,0,0,0,136.74,0,7,250,0,1,0,1,0,0,0,1,1,0,0,0,296.6385141658334
642,643,60000,1,3,284,76,38,285,330,0,0,0,0,224.61,1,7,240,0,1,0,1,0,0,1,0,0,1,0,0,248.1400837863943
643,644,60000,1,3,284,76,38,285,330,0,0,0,0,434.95,8,7,240,1,0,0,0,1,0,0,1,1,0,0,0,234.1295987346963
644,645,105000,1,6,284,76,32,330,380,0,0,0,0,446.16,1,7,540,1,0,0,0,1,0,1,0,0,1,0,0,560.9164285703786
645,646,95000,1,6,284,76,32,330,380,0,0,0,0,586.78,5,7,540,1,0,0,0,1,0,0,1,0,1,0,0,551.2797447622146
646,647,45000,1,3,284,76,38,285,330,0,0,0,0,485.49,3,7,240,1,0,0,0,1,0,1,0,0,1,0,0,238.21340411200651
647,648,45000,1,3,284,76,38,285,330,0,0,0,0,137.41,0,7,240,0,1,0,1,0,0,1,0,0,1,0,0,251.58872521638585
648,649,50000,1,6,284,76,72,120,170,0,0,0,0,207.52,1,7,240,0,1,0,0,1,0,1,0,1,0,0,0,285.7547505507293
649,650,105000,1,4,284,76,8,645,400,0,0,0,0,148.22,0,7,680,1,0,0,0,1,0,0,1,1,0,0,0,688.7644988819084
650,651,100000,1,3,284,76,8,720,380,0,0,0,0,135.03,3,7,570,1,0,0,0,1,0,1,0,0,1,0,0,625.6555069031068
651,652,65000,1,5,284,76,13,450,500,0,0,0,0,234.05,4,7,600,0,1,0,0,1,0,0,1,1,0,0,0,603.6633813017609
652,653,100000,1,4,284,76,38,285,330,0,0,0,0,85.23,1,7,320,0,1,0,1,0,0,1,0,0,1,0,0,369.89679251298526
653,654,105000,1,6,284,76,32,330,380,0,0,0,0,154.39,3,7,540,1,0,0,1,0,0,0,1,1,0,0,0,595.2698889950937
654,655,40000,1,4,284,76,82,120,170,0,0,0,0,254.33,7,7,160,1,0,0,0,1,0,0,1,1,0,0,0,173.0176212010261
655,656,80000,1,4,284,76,38,285,330,0,0,0,0,245.8,7,7,320,0,1,0,0,1,0,0,1,1,0,0,0,310.9858637472207
656,657,105000,1,6,284,76,22,360,410,0,0,0,0,254.47,5,7,600,0,1,0,0,1,0,0,1,1,0,0,0,641.5280941823169
657,658,65000,1,5,284,76,82,165,210,0,0,0,0,327.07,3,7,250,1,0,0,0,1,0,0,1,1,0,0,0,236.8098049547963
658,659,65000,1,5,284,76,82,165,210,0,0,0,0,308.87,2,7,250,1,0,0,0,1,0,0,1,0,1,0,0,240.9001190382628
659,660,65000,1,5,284,76,13,450,500,0,0,0,0,364.97,4,7,600,0,1,0,0,1,0,1,0,1,0,0,0,596.8213572850565
660,661,65000,1,6,284,76,32,330,380,0,0,0,0,382.93,4,7,540,1,0,0,0,1,0,0,1,0,1,0,0,555.6939562956156
661,662,65000,1,4,284,76,82,165,210,0,0,0,0,339.04,2,7,200,0,1,0,1,0,0,0,1,0,1,0,0,204.16171640407816
662,663,65000,1,3,284,76,38,285,330,0,0,0,0,234.48,3,7,240,1,0,0,0,1,0,0,1,0,1,0,0,252.15381472487434
663,664,65000,1,6,284,76,32,330,380,0,0,0,0,92.02,2,7,540,1,0,0,0,1,0,0,1,0,1,0,0,575.4300780139387
664,665,65000,1,4,284,76,38,285,330,0,0,0,0,156.32,3,7,320,1,0,0,0,1,0,0,1,1,0,0,0,311.09323150479247
665,666,100000,1,6,284,76,32,330,380,0,0,0,0,71.17,1,7,540,1,0,0,0,1,0,1,0,0,1,0,0,579.4606276423016
666,667,55000,1,6,284,76,18,360,410,0,0,0,0,155.79,8,7,600,1,0,0,0,1,0,1,0,0,1,0,0,659.4524212645541
667,668,100000,1,6,284,76,18,360,410,0,0,0,0,89.84,3,7,600,1,0,0,0,1,0,0,1,0,1,0,0,681.3584942165144
668,669,75000,1,4,284,76,32,285,330,0,0,0,0,137.75,4,7,320,1,0,0,0,1,0,0,1,1,0,0,0,330.19722732728354
669,670,80000,1,4,284,76,32,285,330,0,0,0,0,180.25,4,7,320,1,0,0,0,1,0,0,1,0,1,0,0,329.9632555547284
670,671,105000,1,6,284,76,32,330,380,0,0,0,0,259.33,8,7,540,1,0,0,0,1,0,1,0,0,1,0,0,563.6249663373598
671,672,95000,1,6,284,76,22,360,410,0,0,0,0,336.03,9,7,600,0,1,0,0,1,0,1,0,1,0,0,0,632.171190902208
672,673,75000,1,4,284,76,38,285,330,0,0,0,0,106.98,0,7,320,0,1,0,0,1,0,1,0,1,0,0,0,317.62694652063885
673,674,40000,1,4,284,76,72,120,170,0,0,0,0,211.48,6,7,160,0,1,0,0,1,0,1,0,1,0,0,0,169.26389663367343
674,675,70000,1,6,284,76,22,360,410,0,0,0,0,322.91,13,7,600,1,0,0,0,1,0,0,1,1,0,0,0,626.457479188201
675,676,40000,1,4,284,76,72,120,170,0,0,0,0,297.43,4,7,160,0,1,0,0,1,0,0,1,1,0,0,0,166.99192038320098
676,677,70000,1,5,284,76,82,165,210,0,0,0,0,375.95,6,7,250,1,0,0,0,1,0,0,1,0,1,0,0,226.1693006209994
677,678,105000,1,6,284,76,32,330,380,0,0,0,0,252.17,3,7,540,0,1,0,0,1,0,1,0,0,1,0,0,568.8033806332589
678,679,50000,1,4,284,76,82,165,210,0,0,0,0,406.12,8,7,200,0,1,0,0,1,0,1,0,0,1,0,0,172.28320951936075
679,680,65000,1,5,284,76,48,165,210,0,0,0,0,418.08,8,7,250,0,1,0,0,1,0,0,1,1,0,0,0,270.16668314446304
680,681,95000,1,6,284,76,42,330,380,0,0,0,0,378.08,13,7,540,0,1,0,0,1,0,1,0,1,0,0,0,475.76162480404395
681,682,40000,1,3,284,76,42,285,330,0,0,0,0,388.6,5,7,240,0,1,0,0,1,0,1,0,1,0,0,0,231.9130559599827
682,683,70000,1,5,284,76,82,165,210,0,0,0,0,644.24,3,7,250,1,0,0,0,1,0,0,1,0,1,0,0,215.24491249611856
683,684,70000,1,6,284,76,32,330,380,0,0,0,0,619.08,0,7,540,0,1,0,0,1,0,1,0,0,1,0,0,551.190946692509
684,685,70000,1,6,284,76,62,210,260,0,0,0,0,421.46,5,7,360,1,0,0,0,1,0,1,0,1,0,0,0,347.54775468183874
685,686,70000,1,6,284,76,38,330,380,0,0,0,0,538.35,4,7,540,1,0,0,0,1,0,1,0,0,1,0,0,507.11931687805225
686,687,70000,1,6,284,76,22,360,410,0,0,0,0,531.98,9,7,600,1,0,0,0,1,0,1,0,0,1,0,0,617.2403120177996
687,688,70000,1,4,284,76,18,450,500,0,0,0,0,616.76,6,7,480,0,1,0,0,1,0,0,1,0,1,0,0,454.73015764251636
688,689,70000,1,5,284,76,42,165,210,0,0,0,0,736.77,1,7,250,1,0,0,0,1,0,0,1,0,1,0,0,283.8612327738046
689,690,45000,1,3,284,76,42,285,330,0,0,0,0,640.86,15,7,240,0,1,0,0,1,0,1,0,1,0,0,0,234.07245905566845
690,691,50000,1,4,284,76,48,165,210,0,0,0,0,401.31,15,7,200,1,0,0,0,1,0,1,0,0,1,0,0,209.64983354182928
691,692,100000,1,3,284,76,8,690,500,0,0,0,0,434.63,8,7,540,0,1,0,0,1,0,0,1,0,1,0,0,536.0584178456573
692,693,40000,1,4,284,76,82,120,170,0,0,0,0,393.39,11,7,160,1,0,0,0,1,0,1,0,0,1,0,0,154.04436072742863
693,694,70000,1,5,284,76,42,165,210,0,0,0,0,428.78,9,7,250,1,0,0,0,1,0,0,1,1,0,0,0,285.87157257106367
694,695,50000,1,4,284,76,82,210,260,0,0,0,0,416.48,7,7,240,1,0,0,0,1,0,0,1,0,1,0,0,187.72281489780414
695,696,50000,1,4,284,76,82,165,210,0,0,0,0,482.9,13,7,200,1,0,0,0,1,0,1,0,1,0,0,0,164.92198952530214
696,697,50000,1,4,284,76,48,165,210,0,0,0,0,515.38,16,7,200,1,0,0,0,1,0,1,0,0,1,0,0,210.33482844376903
697,698,45000,1,3,284,76,42,285,330,0,0,0,0,644.1,16,7,240,1,0,0,0,1,0,1,0,1,0,0,0,234.26633626251498
698,699,105000,1,3,284,76,8,690,500,0,0,0,0,560.29,14,7,540,0,1,0,0,1,0,1,0,0,1,0,0,524.553052197845
699,700,85000,1,6,284,76,18,360,410,0,0,0,0,507.99,10,7,600,1,0,0,0,1,0,0,1,0,1,0,0,643.4212154438635
700,701,65000,1,5,0,79,42,165,210,0,0,0,0,39.96,1,7,250,0,1,0,1,0,0,0,1,1,0,0,0,281.559710280566
701,702,60000,1,3,0,79,42,285,330,0,0,0,0,84.58,2,7,240,1,0,0,1,0,0,1,0,1,0,0,0,230.11523885787204
702,703,60000,1,4,0,79,32,285,330,0,0,0,0,130.18,2,7,320,0,1,0,0,1,0,0,1,1,0,0,0,298.0170701748133
703,704,60000,1,5,0,79,62,120,170,0,0,0,0,108.71,2,7,200,1,0,0,1,0,0,1,0,1,0,0,0,219.69361395260418
704,705,60000,1,6,0,79,18,360,410,0,0,0,0,53.85,5,7,600,1,0,0,1,0,0,0,1,0,1,0,0,590.4715663452098
705,706,60000,1,4,0,79,48,165,210,0,0,0,0,105.65,9,7,200,1,0,0,1,0,0,0,1,0,1,0,0,224.97449468234493
706,707,60000,1,4,0,79,48,165,210,0,0,0,0,162.2,12,7,200,1,0,0,0,1,0,1,0,1,0,0,0,223.525975174645
707,708,60000,1,3,0,79,42,285,330,0,0,0,0,86.03,2,7,240,1,0,0,0,1,0,0,1,0,1,0,0,211.43493727234448
708,709,85000,1,6,0,79,18,360,410,0,0,0,0,171.35,7,7,600,1,0,0,0,1,0,1,0,0,1,0,0,607.4722377391258
709,710,55000,1,6,0,79,18,360,410,0,0,0,0,173.42,4,7,600,0,1,0,0,1,0,0,1,0,1,0,0,596.5031948919423
710,711,100000,1,6,0,79,18,360,410,0,0,0,0,194.1,2,7,600,0,1,0,0,1,0,0,1,1,0,0,0,603.2244985328991
711,712,60000,1,3,0,79,42,285,330,0,0,0,0,241.66,7,7,240,1,0,0,0,1,0,1,0,1,0,0,0,217.2781151050669
712,713,90000,1,6,0,79,18,360,410,0,0,0,1,279.87,9,7,600,1,0,0,0,1,0,1,0,0,1,0,0,611.5801228689728
713,714,60000,1,3,0,79,32,285,330,0,0,0,0,194.0,5,7,240,1,0,0,0,1,0,1,0,0,1,0,0,242.6097430172889
714,715,105000,1,6,0,79,32,330,380,0,0,0,0,258.7,8,7,540,1,0,0,0,1,0,0,1,1,0,0,0,529.0204033309097
715,716,55000,1,6,0,79,32,330,380,0,0,0,0,189.74,5,7,540,1,0,0,1,0,0,0,1,0,1,0,0,504.9733853513687
716,717,90000,1,6,0,79,38,330,380,0,0,0,0,80.6,1,7,540,1,0,0,1,0,0,1,0,1,0,0,0,476.63494180226087
717,718,40000,1,3,0,79,42,285,330,0,0,0,0,35.13,1,7,240,1,0,0,1,0,0,0,1,1,0,0,0,225.80628337824305
718,719,45000,1,3,0,79,42,285,330,0,0,0,0,110.32,1,7,240,1,0,0,1,0,0,1,0,0,1,0,0,226.40660395510486
719,720,45000,1,6,0,79,38,330,380,0,0,0,0,115.52,1,7,540,1,0,0,1,0,0,1,0,1,0,0,0,468.46674108076024
720,721,45000,1,4,0,79,32,285,330,0,0,0,0,165.68,4,7,320,1,0,0,1,0,0,0,1,0,1,0,0,301.3337526399766
721,722,45000,1,4,0,79,62,120,170,0,0,0,0,263.22,2,7,160,1,0,0,1,0,0,0,1,0,1,0,0,176.1060822215273
722,723,45000,1,4,0,79,8,525,480,0,0,0,0,312.29,4,7,560,1,0,0,1,0,0,1,0,0,1,0,0,552.3005418371112
723,724,45000,1,6,0,79,82,210,260,0,0,0,0,249.01,2,7,360,1,0,0,1,0,0,1,0,0,1,0,0,275.63133198552134
724,725,55000,1,3,0,79,62,210,260,0,0,0,0,259.12,3,7,180,1,0,0,1,0,0,0,1,0,1,0,0,167.79563307547548
725,726,70000,1,5,0,79,42,165,210,0,0,0,0,200.08,4,7,250,1,0,0,1,0,0,0,1,0,1,0,0,299.25855668465385
726,727,75000,1,4,0,79,92,165,210,0,0,0,0,150.44,7,7,200,1,0,0,1,0,0,1,0,0,1,0,0,191.39552359042057
727,728,60000,1,3,0,79,42,285,330,0,0,0,0,78.64,5,7,240,1,0,0,1,0,0,1,0,0,1,0,0,230.6139098010206
728,729,70000,1,5,0,79,42,165,210,0,0,0,0,244.14,2,7,250,1,0,0,1,0,0,1,0,0,1,0,0,304.32444608303456
729,730,95000,1,6,0,79,18,360,410,0,0,0,0,269.22,0,7,600,1,0,0,1,0,0,1,0,0,1,0,0,617.2495644141286
730,731,95000,1,4,0,79,32,285,330,0,0,0,0,282.78,14,7,320,1,0,0,1,0,0,1,0,1,0,0,0,323.2954569431745
731,732,95000,1,4,0,79,32,285,330,0,0,0,0,339.24,0,7,320,1,0,0,1,0,0,0,1,0,1,0,0,333.55455341913637
732,733,40000,1,4,0,79,72,120,170,0,0,0,0,320.98,15,7,160,1,0,0,1,0,0,1,0,1,0,0,0,161.96476870842642
733,734,60000,1,3,0,79,42,285,330,0,0,0,0,299.29,0,7,240,1,0,0,1,0,0,0,1,1,0,0,0,238.25954856023472
734,735,65000,1,5,0,79,82,165,210,0,0,0,0,300.2,8,7,250,1,0,0,1,0,0,0,1,1,0,0,0,192.12846514873362
735,736,40000,1,4,0,79,82,120,170,0,0,0,0,282.4,2,7,160,1,0,0,1,0,0,0,1,1,0,0,0,147.36022436963447
736,737,70000,1,5,0,79,82,165,210,0,0,0,0,254.61,2,7,250,1,0,0,1,0,0,0,1,1,0,0,0,199.39085581532186
737,738,80000,1,4,0,79,42,285,330,0,0,0,0,275.15,4,7,320,1,0,0,1,0,0,1,0,1,0,0,0,284.6361254151441
738,739,45000,1,3,0,79,42,285,330,0,0,0,0,210.09,3,7,240,1,0,0,1,0,0,0,1,1,0,0,0,226.01454734337477
739,740,50000,1,4,0,79,82,165,210,0,0,0,0,217.52,5,7,200,1,0,0,1,0,0,1,0,0,1,0,0,170.66248188291047
740,741,105000,1,4,0,79,18,570,280,0,0,0,0,329.16,10,7,600,1,0,0,1,0,0,1,0,1,0,0,0,554.468683254173
741,742,105000,1,4,0,79,32,285,330,0,0,0,0,251.48,2,7,320,1,0,0,1,0,0,0,1,1,0,0,0,330.6346541814674
742,743,105000,1,3,0,79,42,285,330,0,0,0,1,196.02,4,7,240,1,0,0,1,0,0,1,0,1,0,0,0,243.9940611400848
743,744,85000,1,6,0,79,18,360,410,0,0,0,0,175.97,1,7,600,1,0,0,1,0,0,1,0,1,0,0,0,605.1693079443876
744,745,85000,1,6,0,79,18,360,410,0,0,0,0,208.24,1,7,600,1,0,0,1,0,0,1,0,0,1,0,0,607.4871282824125
745,746,85000,1,6,0,79,18,405,450,0,0,0,0,150.44,3,7,660,1,0,0,1,0,0,1,0,1,0,0,0,638.3160614436989
746,747,85000,1,6,0,79,18,360,410,0,0,0,0,138.22,2,7,600,1,0,0,1,0,0,1,0,1,0,0,0,601.6981938231918
747,748,70000,1,6,0,79,18,405,450,0,0,0,0,246.66,1,7,660,1,0,0,1,0,0,1,0,0,1,0,0,644.6930779893114
748,749,70000,1,4,0,79,82,120,170,0,0,0,0,180.4,1,7,160,1,0,0,1,0,0,1,0,0,1,0,0,164.19351649698243
749,750,70000,1,5,0,79,82,165,210,0,0,0,0,261.02,10,7,250,1,0,0,1,0,0,0,1,1,0,0,0,196.36492285083125
750,751,70000,1,3,0,79,42,285,330,0,0,0,0,205.64,8,7,240,1,0,0,1,0,0,1,0,0,1,0,0,232.4350318674379
751,752,85000,1,6,0,79,18,360,410,0,0,0,0,222.65,1,7,600,1,0,0,1,0,0,1,0,1,0,0,0,608.7410180215411
752,753,95000,1,3,0,79,42,285,330,0,0,0,0,148.82,2,7,240,1,0,0,1,0,0,0,1,1,0,0,0,239.91665984831013
753,754,50000,1,4,0,79,82,165,210,0,0,0,0,162.56,1,7,200,1,0,0,1,0,0,0,1,0,1,0,0,178.88863832992666
754,755,95000,1,6,0,79,92,90,140,0,0,0,0,103.35,4,7,180,1,0,0,1,0,0,0,1,0,1,0,0,219.09202197943014
755,756,90000,1,6,0,79,32,330,380,0,0,0,0,155.94,8,7,540,1,0,0,1,0,0,1,0,0,1,0,0,506.5992239955695
756,757,50000,1,4,0,79,82,165,210,0,0,0,0,116.47,4,7,200,1,0,0,0,1,0,0,1,0,1,0,0,140.43320449465415
757,758,95000,1,5,0,79,48,165,210,0,0,0,0,113.22,3,7,250,0,1,0,1,0,0,0,1,0,1,0,0,279.4806276971418
758,759,80000,1,4,0,79,32,285,330,0,0,0,0,89.55,1,7,320,0,1,0,1,0,0,1,0,1,0,0,0,300.1792439022627
759,760,100000,1,4,0,79,8,645,400,0,0,0,0,114.79,2,7,680,1,0,0,1,0,0,0,1,1,0,0,0,652.237548634464
760,761,100000,1,3,0,79,38,285,330,0,0,0,0,159.67,2,7,240,0,1,0,1,0,0,1,0,1,0,0,0,252.68932563056558
761,762,50000,1,4,0,79,82,165,210,0,0,0,0,81.34,0,7,200,0,1,0,1,0,0,1,0,1,0,0,0,187.7464664577612
762,763,85000,1,6,0,79,82,210,260,0,0,0,0,52.63,1,7,360,1,0,0,1,0,0,0,1,0,1,0,0,297.3859743000972
763,764,70000,1,5,0,79,82,165,210,0,0,0,0,40.61,0,7,250,1,0,0,1,0,0,1,0,0,0,0,1,219.6490726421793
764,765,70000,1,4,0,79,42,285,330,0,0,0,0,84.6,5,7,320,1,0,0,1,0,0,1,0,1,0,0,0,272.45641852741994
765,766,70000,1,6,0,79,32,330,380,0,0,0,0,105.91,6,7,540,1,0,0,1,0,0,0,1,1,0,0,0,498.6891863542033
766,767,70000,1,4,0,79,42,285,330,0,0,0,0,156.04,7,7,320,0,1,0,1,0,0,0,1,1,0,0,0,274.11648287088747
767,768,45000,1,6,0,79,82,120,170,0,0,0,0,167.72,4,7,240,1,0,0,1,0,0,1,0,1,0,0,0,227.12586888099867
768,769,65000,1,5,0,79,82,165,210,0,0,0,0,60.78,1,7,250,1,0,0,1,0,0,1,0,0,1,0,0,216.00309385873263
769,770,95000,1,6,0,79,22,360,410,0,0,0,0,118.36,1,7,600,0,1,0,1,0,0,1,0,1,0,0,0,585.7404018624799
770,771,45000,1,5,0,79,82,120,170,0,0,0,0,91.92,2,7,200,1,0,0,1,0,0,0,1,1,0,0,0,187.74374341569177
771,772,90000,1,3,0,79,42,285,330,0,0,0,0,111.83,7,7,240,1,0,0,0,1,0,1,0,0,1,0,0,231.32190866500622
772,773,45000,1,6,0,79,18,405,450,0,0,0,0,84.58,1,7,660,0,1,0,0,1,0,1,0,1,0,0,0,625.0733715633664
773,774,60000,1,4,0,79,82,210,260,0,0,0,0,126.04,3,7,240,1,0,0,0,1,0,0,1,1,0,0,0,157.43186018736205
774,775,75000,1,4,0,79,32,285,330,0,0,0,0,130.0,7,7,320,0,1,0,1,0,0,0,1,0,1,0,0,300.5488018049683
775,776,80000,1,4,0,79,32,285,330,0,0,0,0,26.4,1,7,320,0,1,0,1,0,0,1,0,1,0,0,0,304.32914690389975
776,777,75000,1,4,0,79,38,285,330,0,0,0,0,65.07,7,7,320,0,1,0,0,1,0,1,0,0,1,0,0,296.5767900275128
777,778,70000,1,5,0,79,82,165,210,0,0,0,0,45.22,4,7,250,1,0,0,1,0,0,1,0,0,1,0,0,216.92712591733994
778,779,65000,1,5,0,79,82,165,210,0,0,0,0,149.01,2,7,250,1,0,0,1,0,0,1,0,0,1,0,0,206.92104416841562
779,780,50000,1,6,0,79,18,360,410,0,0,0,0,189.69,14,7,600,1,0,0,1,0,0,0,1,0,1,0,0,607.3414479653713
780,781,40000,1,4,0,79,62,120,170,0,0,0,0,92.72,2,7,160,0,1,0,0,1,0,1,0,0,1,0,0,158.88654128170555
781,782,90000,1,4,0,79,8,525,480,0,0,0,0,83.2,3,7,560,1,0,0,0,1,0,0,1,0,1,0,0,539.567878199381
782,783,65000,1,5,0,79,42,165,210,0,0,0,0,134.63,7,7,250,0,1,0,1,0,0,0,1,1,0,0,0,291.7519489600463
783,784,95000,1,5,0,79,72,120,170,0,0,0,0,174.87,4,7,200,0,1,0,1,0,0,1,0,1,0,0,0,205.0098963751122
784,785,90000,1,6,0,79,13,360,410,0,0,0,0,147.41,4,7,600,1,0,0,0,1,0,0,1,0,1,0,0,625.9741806500812
785,786,90000,1,4,0,79,72,120,170,0,0,0,0,10.05,1,7,160,1,0,0,1,0,0,1,0,0,1,0,0,181.2269195332364
786,787,90000,1,6,0,79,32,330,380,0,0,0,0,51.01,1,7,540,0,1,0,1,0,0,0,1,1,0,0,0,504.3803537273586
787,788,90000,1,6,0,79,32,330,380,0,0,0,0,97.35,1,7,540,0,1,0,1,0,0,1,0,0,1,0,0,507.7087638440019
788,789,90000,1,4,0,79,88,210,260,0,0,0,0,113.16,0,7,240,1,0,0,0,1,0,0,1,0,1,0,0,166.50479846161596
789,790,90000,1,4,0,79,82,120,170,0,0,0,0,144.26,1,7,160,0,1,0,0,1,0,0,1,0,1,0,0,102.46391929298628
790,791,40000,1,4,0,79,82,120,170,0,0,0,0,146.7,3,7,160,0,1,0,1,0,0,1,0,1,0,0,0,160.36569815893358
791,792,90000,1,6,0,79,22,360,410,0,0,0,0,35.74,2,7,600,0,1,0,1,0,0,1,0,1,0,0,0,576.7350579309101
792,793,95000,1,6,0,79,22,360,410,0,0,0,0,40.8,2,7,600,0,1,0,0,1,0,0,1,0,1,0,0,588.8102542661497
793,794,55000,1,3,0,79,42,285,330,0,0,0,0,73.41,3,7,240,0,1,0,1,0,0,0,1,0,1,0,0,229.2201638329709
794,795,60000,1,5,0,79,82,165,210,0,0,0,0,111.36,3,7,250,0,1,0,0,1,0,0,1,0,1,0,0,182.83831349024268
795,796,75000,1,4,0,79,32,285,330,0,0,0,0,34.13,1,7,320,0,1,0,0,1,0,1,0,1,0,0,0,307.1143295526923
796,797,50000,1,4,0,79,82,165,210,0,0,0,0,64.03,1,7,200,0,1,0,1,0,0,0,1,0,1,0,0,188.81944755865237
797,798,80000,1,4,0,79,42,285,330,0,0,0,0,86.21,1,7,320,0,1,0,0,1,0,1,0,0,1,0,0,273.87638975132313
798,799,40000,1,5,0,79,82,165,210,0,0,0,0,92.27,4,7,250,1,0,0,0,1,0,1,0,1,0,0,0,197.1312717061408
799,800,40000,1,4,0,79,82,120,170,0,0,0,0,106.78,3,7,160,0,1,0,0,1,0,1,0,1,0,0,0,125.01682583614715
800,801,95000,1,6,107,76,22,360,410,0,0,0,0,205.64,5,7,600,1,0,0,0,1,0,0,1,0,1,0,0,657.8592262421129
801,802,55000,1,3,107,76,38,285,330,0,0,0,0,296.2,8,7,240,0,1,0,0,1,0,1,0,0,1,0,0,259.64198674668813
802,803,75000,1,4,107,76,38,285,330,0,0,0,0,325.53,7,7,320,0,1,0,0,1,0,0,1,1,0,0,0,306.199392270436
803,804,45000,1,3,107,76,38,285,330,0,0,0,0,310.64,6,7,240,1,0,0,0,1,0,1,0,1,0,0,0,270.14884768674574
804,805,75000,1,4,107,76,38,285,330,0,0,0,0,254.26,5,7,320,0,1,0,0,1,0,0,1,1,0,0,0,295.53798226037
805,806,85000,1,3,107,76,38,285,330,0,0,0,0,255.38,8,7,240,0,1,0,0,1,0,0,1,0,1,0,0,261.9163213192518
806,807,65000,1,5,107,76,13,405,450,0,0,0,0,262.15,7,7,550,0,1,0,0,1,0,1,0,0,1,0,0,628.9204082066393
807,808,65000,1,5,107,76,82,165,210,0,0,0,0,171.29,3,7,250,1,0,0,0,1,0,1,0,0,1,0,0,241.60468639066494
808,809,65000,1,4,107,76,42,285,330,0,0,0,0,200.86,6,7,320,0,1,0,0,1,0,1,0,0,1,0,0,283.47452749857007
809,810,65000,1,4,107,76,42,285,330,0,0,0,0,104.24,4,7,320,1,0,0,0,1,0,1,0,1,0,0,0,308.7077952756987
810,811,65000,1,3,107,76,42,285,330,0,0,0,0,170.66,4,7,240,1,0,0,0,1,0,0,1,0,1,0,0,269.2896650423442
811,812,75000,1,4,107,76,48,285,330,0,0,0,0,45.49,1,7,320,1,0,0,0,1,0,1,0,0,1,0,0,321.93598847132125
812,813,105000,1,5,107,76,13,450,500,0,0,0,0,112.22,1,7,600,0,1,0,1,0,0,1,0,0,1,0,0,628.0004504375484
813,814,70000,1,5,107,76,82,165,210,0,0,0,0,104.62,2,7,250,1,0,0,0,1,0,0,1,0,1,0,0,257.9921138983748
814,815,95000,1,6,107,76,32,330,380,0,0,0,1,164.08,2,7,540,1,0,0,0,1,0,1,0,1,0,0,0,566.4583200409952
815,816,65000,1,5,107,76,82,165,210,0,0,0,0,176.85,7,7,250,0,1,0,0,1,0,0,1,0,1,0,0,239.13682914173336
816,817,55000,1,3,107,76,42,285,330,0,0,0,0,99.46,5,7,240,0,1,0,0,1,0,0,1,1,0,0,0,288.2610403720933
817,818,65000,1,5,107,76,82,165,210,0,0,0,0,223.52,7,7,250,0,1,0,0,1,0,1,0,1,0,0,0,241.35568116238687
818,819,85000,1,6,107,76,32,330,380,0,0,0,0,260.76,5,7,540,0,1,0,0,1,0,0,1,1,0,0,0,600.7562984252764
819,820,50000,1,4,107,76,82,165,210,0,0,0,0,277.42,4,7,200,1,0,0,0,1,0,1,0,0,1,0,0,225.96146478429912
820,821,105000,1,5,107,76,82,165,210,0,0,0,0,202.94,4,7,250,1,0,0,0,1,0,0,1,1,0,0,0,243.82637231368483
821,822,95000,1,6,107,76,22,360,410,0,0,0,0,126.62,4,7,600,1,0,0,0,1,0,1,0,0,1,0,0,634.9362483989439
822,823,80000,1,4,107,76,32,285,330,0,0,0,0,60.96,0,7,320,0,1,0,0,1,0,0,1,0,1,0,0,358.8171992724975
823,824,80000,1,4,107,76,32,285,330,0,0,0,0,89.68,5,7,320,0,1,0,1,0,0,1,0,1,0,0,0,359.78466409280696
824,825,95000,1,6,107,76,18,360,410,0,0,0,0,151.43,4,7,600,0,1,0,0,1,0,0,1,0,1,0,0,665.254243281679
825,826,70000,1,5,107,76,82,165,210,0,0,0,0,100.09,0,7,250,0,1,0,0,1,0,0,1,1,0,0,0,261.62079021298103
826,827,50000,1,4,107,76,82,165,210,0,0,0,0,43.17,1,7,200,1,0,0,1,0,0,0,1,1,0,0,0,271.81471448288806
827,828,80000,1,6,107,76,32,330,380,0,0,0,0,131.14,0,7,540,1,0,0,0,1,0,1,0,0,1,0,0,563.4334896875754
828,829,105000,1,4,107,76,8,570,280,0,0,0,0,180.94,4,7,600,1,0,0,0,1,0,1,0,1,0,0,0,615.0289215379357
829,830,70000,1,5,107,76,42,165,210,0,0,0,0,132.26,1,7,250,1,0,0,1,0,0,0,1,1,0,0,0,362.15135924253235
830,831,80000,1,4,107,76,32,285,330,0,0,0,0,205.3,2,7,320,0,1,0,0,1,0,1,0,0,1,0,0,326.1584243046334
831,832,45000,1,3,107,76,42,285,330,0,0,0,0,239.78,12,7,240,0,1,0,0,1,0,0,1,0,1,0,0,259.5990776220766
832,833,45000,1,3,107,76,42,285,330,0,0,0,0,169.0,12,7,240,0,1,0,0,1,0,1,0,0,1,0,0,271.31692294153123
833,834,80000,1,3,107,76,42,285,330,0,0,0,1,38.83,0,7,240,0,1,0,1,0,0,0,1,1,0,0,0,324.69215541359665
834,835,85000,1,6,107,76,32,330,380,0,0,0,0,88.24,1,7,540,0,1,0,0,1,0,1,0,1,0,0,0,553.5273358255251
835,836,45000,1,3,107,76,42,285,330,0,0,0,0,166.37,3,7,240,0,1,0,0,1,0,0,1,1,0,0,0,276.7415278212502
836,837,105000,1,3,107,76,8,765,280,0,0,0,0,202.81,5,7,600,1,0,0,0,1,0,1,0,0,1,0,0,651.1748694534533
837,838,50000,1,4,107,76,88,165,210,0,0,0,0,253.16,4,7,200,0,1,0,0,1,0,0,1,0,1,0,0,219.37750604241398
838,839,50000,1,4,107,76,88,165,210,0,0,0,0,322.1,3,7,200,1,0,0,0,1,0,0,1,1,0,0,0,225.76289062358518
839,840,55000,1,3,107,76,38,285,330,0,0,0,0,237.89,0,7,240,1,0,0,0,1,0,1,0,1,0,0,0,279.008644847144
840,841,55000,1,3,107,76,42,285,330,0,0,0,0,132.85,0,7,240,0,1,0,0,1,0,1,0,0,1,0,0,282.4803386720795
841,842,65000,1,5,107,76,42,165,210,0,0,0,0,283.73,4,7,250,0,1,0,1,0,0,0,1,0,1,0,0,358.40408534927917
842,843,80000,1,3,107,76,42,285,330,0,0,0,0,268.2,8,7,240,1,0,0,1,0,0,0,1,0,1,0,0,274.7337841986615
843,844,50000,1,4,107,76,88,165,210,0,0,0,0,234.4,5,7,200,0,1,0,1,0,0,0,1,0,1,0,0,222.31927965387592
844,845,50000,1,4,107,76,88,165,210,0,0,0,0,255.34,9,7,200,1,0,0,1,0,0,0,1,0,1,0,0,215.1566512251998
845,846,45000,1,3,107,76,42,285,330,0,0,0,0,245.6,2,7,240,1,0,0,1,0,0,0,1,1,0,0,0,287.69444296357733
846,847,105000,1,3,107,76,8,450,500,0,0,0,0,278.26,7,7,360,1,0,0,0,1,0,0,1,1,0,0,0,439.21682404087926
847,848,105000,1,6,107,76,18,360,410,0,0,0,0,158.45,8,7,600,0,1,0,0,1,0,1,0,0,1,0,0,659.8971276496408
848,849,65000,1,5,107,76,42,165,210,0,0,0,0,60.27,6,7,250,0,1,0,0,1,0,1,0,0,1,0,0,337.98328731308044
849,850,100000,1,6,107,76,32,330,380,0,0,0,0,268.88,2,7,540,1,0,0,0,1,0,0,1,1,0,0,0,600.2025053205082
850,851,100000,1,4,107,76,62,120,170,0,0,0,0,367.14,1,7,160,0,1,0,0,1,0,1,0,1,0,0,0,229.04545092307504
851,852,100000,1,4,107,76,62,120,170,0,0,0,0,322.61,1,7,160,0,1,0,0,1,0,1,0,1,0,0,0,234.12237232454711
852,853,100000,1,3,107,76,42,285,330,0,0,0,0,276.59,1,7,240,0,1,0,0,1,0,1,0,1,0,0,0,276.8782834505231
853,854,90000,1,6,107,76,32,330,380,0,0,0,0,193.02,3,7,540,0,1,0,0,1,0,0,1,0,1,0,0,576.9102535474129
854,855,50000,1,5,107,76,88,165,210,0,0,0,0,170.06,7,7,250,1,0,0,1,0,0,1,0,0,1,0,0,240.91753316946904
855,856,70000,1,5,107,76,42,165,210,0,0,0,0,92.42,3,7,250,0,1,0,0,1,0,1,0,0,1,0,0,331.7929118653408
856,857,55000,1,3,107,76,42,285,330,0,0,0,0,217.86,6,7,240,0,1,0,1,0,0,0,1,0,1,0,0,272.9355588634376
857,858,55000,1,6,107,76,32,330,380,0,0,0,0,208.2,3,7,540,1,0,0,0,1,0,0,1,0,1,0,0,594.7986754049973
858,859,105000,1,6,107,76,72,210,260,0,0,0,0,354.35,0,7,360,1,0,0,0,1,0,0,1,0,1,0,0,360.5238635134938
859,860,90000,1,6,107,76,72,210,260,0,0,0,0,340.07,9,7,360,0,1,0,0,1,0,0,1,0,1,0,0,364.8600236227769
860,861,85000,1,3,107,76,42,285,330,0,0,0,0,259.7,7,7,240,1,0,0,0,1,0,1,0,1,0,0,0,253.9211946178691
861,862,65000,1,5,107,76,82,165,210,0,0,0,0,257.74,6,7,250,0,1,0,1,0,0,1,0,1,0,0,0,243.62299976200842
862,863,65000,1,5,107,76,82,165,210,0,0,0,0,174.89,4,7,250,1,0,0,1,0,0,1,0,0,1,0,0,248.81513221254158
863,864,45000,1,3,107,76,42,285,330,0,0,0,0,308.3,5,7,240,0,1,0,0,1,0,1,0,1,0,0,0,264.1513409991164
864,865,60000,1,3,107,76,42,285,330,0,0,0,0,274.15,10,7,240,0,1,0,0,1,0,0,1,1,0,0,0,250.18293555748926
865,866,60000,1,3,107,76,42,285,330,0,0,0,0,212.48,5,7,240,1,0,0,0,1,0,0,1,0,1,0,0,264.7245132251132
866,867,105000,1,3,107,76,42,285,330,0,0,0,0,117.28,4,7,240,1,0,0,1,0,0,1,0,1,0,0,0,312.46936596147054
867,868,100000,1,6,107,76,13,405,450,0,0,0,0,37.64,2,7,660,1,0,0,1,0,0,1,0,1,0,0,0,715.5820013415773
868,869,65000,1,5,107,76,82,165,210,0,0,0,0,95.52,1,7,250,0,1,0,0,1,0,0,1,0,1,0,0,261.30077521434134
869,870,90000,1,6,107,76,18,360,410,0,0,0,0,169.1,2,7,600,1,0,0,0,1,0,0,1,0,1,0,0,674.4448185656727
870,871,90000,1,5,107,76,82,165,210,0,0,0,0,278.0,7,7,250,1,0,0,0,1,0,0,1,0,1,0,0,219.99109576092457
871,872,90000,1,3,107,76,8,765,280,0,0,0,0,254.75,4,7,600,0,1,0,0,1,0,1,0,1,0,0,0,653.5921841319789
872,873,90000,1,4,107,76,32,285,330,0,0,0,0,346.9,5,7,320,1,0,0,0,1,0,0,1,1,0,0,0,340.3698573077029
873,874,90000,1,4,107,76,88,165,210,0,0,0,0,417.0,9,7,200,0,1,0,0,1,0,1,0,1,0,0,0,187.26756969564963
874,875,50000,1,4,107,76,88,165,210,0,0,0,0,405.19,12,7,200,0,1,0,0,1,0,0,1,0,1,0,0,233.44346188620526
875,876,90000,1,6,107,76,18,405,450,0,0,0,0,413.7,6,7,660,0,1,0,0,1,0,1,0,0,1,0,0,806.4261005944659
876,877,40000,1,4,107,76,62,120,170,0,0,0,0,349.95,6,7,160,0,1,0,0,1,0,1,0,1,0,0,0,266.591229421467
877,878,80000,1,4,107,76,32,285,330,0,0,0,0,202.08,4,7,320,0,1,0,0,1,0,1,0,0,1,0,0,321.3758457365568
878,879,50000,1,4,107,76,88,165,210,0,0,0,0,294.33,5,7,200,0,1,0,0,1,0,1,0,1,0,0,0,223.18835480332498
879,880,60000,1,3,107,76,42,285,330,0,0,0,0,424.84,3,7,240,0,1,0,0,1,0,1,0,1,0,0,0,264.8613417410693
880,881,105000,1,3,107,76,8,720,380,0,0,0,0,52.4,0,7,570,0,1,0,0,1,0,0,1,0,1,0,0,602.6192087941057
881,882,55000,1,3,107,76,8,765,280,0,0,0,0,196.73,1,7,600,1,0,0,1,0,0,0,1,1,0,0,0,664.505460152564
882,883,75000,1,5,107,76,42,165,210,0,0,0,0,278.23,0,7,250,1,0,0,1,0,0,1,0,0,1,0,0,364.6407486728463
883,884,70000,1,5,107,76,42,165,210,0,0,0,0,171.01,7,7,250,0,1,0,1,0,0,1,0,1,0,0,0,331.7716106490384
884,885,70000,1,5,107,76,42,165,210,0,0,0,0,102.96,7,7,250,1,0,0,1,0,0,0,1,0,1,0,0,340.0719047414306
885,886,60000,1,3,107,76,42,285,330,0,0,0,0,91.55,1,7,240,0,1,0,1,0,0,1,0,0,1,0,0,304.5454308083075
886,887,50000,1,4,107,76,88,165,210,0,0,0,0,98.68,2,7,200,1,0,0,1,0,0,0,1,1,0,0,0,261.254775251207
887,888,50000,1,4,107,76,88,165,210,0,0,0,0,258.05,1,7,200,0,1,0,1,0,0,0,1,1,0,0,0,234.76364960624537
888,889,95000,1,6,107,76,8,405,450,0,0,0,0,187.95,1,7,660,0,1,0,1,0,0,0,1,0,1,0,0,795.8128135653839
889,890,60000,1,4,107,76,42,285,330,0,0,0,0,227.38,6,7,320,0,1,0,0,1,0,1,0,0,1,0,0,284.84105653450797
890,891,100000,1,4,107,76,7,570,280,0,0,0,1,167.24,3,7,600,0,1,0,0,1,0,1,0,1,0,0,0,615.9652060062718
891,892,100000,1,6,107,76,17,360,410,0,0,0,0,190.38,5,7,600,1,0,0,1,0,0,1,0,0,1,0,0,704.782243658366
892,893,100000,1,6,107,76,32,330,380,0,0,0,0,88.57,4,7,540,1,0,0,0,1,0,0,1,0,1,0,0,553.0849811981029
893,894,100000,1,6,107,76,72,210,260,0,0,0,0,60.77,0,7,360,0,1,0,1,0,0,1,0,1,0,0,0,346.77428753337244
894,895,100000,1,3,107,76,42,285,330,0,0,0,0,200.83,8,7,240,0,1,0,0,1,0,0,1,0,1,0,0,269.15821723799144
895,896,100000,1,6,107,76,32,330,380,0,0,0,0,205.06,8,7,540,1,0,0,0,1,0,0,1,1,0,0,0,574.6983449457441
896,897,40000,1,6,107,76,17,360,410,0,0,0,0,158.38,7,7,600,1,0,0,0,1,0,0,1,1,0,0,0,689.2340634474656
897,898,100000,1,3,107,76,7,360,410,0,0,0,0,150.12,5,7,660,0,1,0,1,0,0,1,0,0,1,0,0,440.2462758598472
898,899,40000,1,4,107,76,82,120,170,0,0,0,0,38.08,0,7,160,1,0,0,1,0,0,1,0,0,1,0,0,276.35822325548367
899,900,105000,1,6,107,76,17,405,450,0,0,0,0,103.58,2,7,660,1,0,0,1,0,0,1,0,0,1,0,0,697.6181699533543
900,901,100000,1,3,284,74,7,765,280,0,0,0,0,312.75,9,7,600,1,0,0,1,0,0,0,1,0,1,0,0,653.88356621326
901,902,105000,1,6,284,74,32,330,380,0,0,0,0,236.03,0,7,540,1,0,0,1,0,0,0,1,0,1,0,0,580.173685186419
902,903,45000,1,3,284,74,42,285,330,0,0,0,0,278.79,0,7,240,1,0,0,0,1,0,1,0,1,0,0,0,282.63797585751195
903,904,105000,1,5,284,74,72,165,210,0,0,0,0,166.71,0,7,250,1,0,0,0,1,0,1,0,0,1,0,0,311.4845032026156
904,905,40000,1,4,284,74,72,120,170,0,0,0,0,227.27,2,7,160,0,1,0,0,1,0,1,0,1,0,0,0,212.30339003747434
905,906,75000,1,4,284,74,42,285,330,0,0,0,0,281.37,7,7,320,1,0,0,0,1,0,0,1,0,1,0,0,338.15692364772997
906,907,40000,1,4,284,74,82,120,170,0,0,0,0,279.51,5,7,160,1,0,0,0,1,0,0,1,0,1,0,0,202.78682952642686
907,908,70000,1,5,284,74,72,165,210,0,0,0,0,156.26,8,7,250,0,1,0,0,1,0,0,1,0,1,0,0,287.55386101637856
908,909,45000,1,3,284,74,42,285,330,0,0,0,0,244.44,2,7,240,0,1,0,0,1,0,0,1,0,1,0,0,279.5872340745435
909,910,85000,1,6,284,74,17,405,450,0,0,0,0,317.65,5,7,660,1,0,0,0,1,0,1,0,0,1,0,0,704.4424717729962
910,911,65000,1,5,284,74,72,165,210,0,0,0,0,317.83,12,7,250,0,1,0,0,1,0,1,0,1,0,0,0,270.73840644279903
911,912,65000,1,5,284,74,72,165,210,0,0,0,0,343.01,12,7,250,0,1,0,0,1,0,0,1,1,0,0,0,270.3867000378454
912,913,75000,1,4,284,74,42,285,330,0,0,0,0,394.97,9,7,320,0,1,0,0,1,0,0,1,1,0,0,0,329.9667800586226
913,914,90000,1,6,284,74,17,360,410,0,0,0,0,324.3,7,7,600,1,0,0,0,1,0,0,1,0,1,0,0,700.0736802960786
914,915,90000,1,6,284,74,17,360,410,0,0,0,0,343.83,9,7,600,1,0,0,0,0,1,0,1,0,1,0,0,586.4859990786059
915,916,90000,1,4,284,74,42,285,330,0,0,0,0,349.26,6,7,320,0,1,0,0,1,0,1,0,1,0,0,0,339.0519532588763
916,917,90000,1,4,284,74,7,570,280,0,0,0,0,375.37,10,7,600,0,1,0,0,1,0,1,0,0,1,0,0,638.5204053369534
917,918,90000,1,6,284,74,17,360,410,0,0,0,0,90.67,8,7,600,1,0,0,1,0,0,0,1,1,0,0,0,678.9771534254502
918,919,90000,1,3,284,74,42,285,330,0,0,0,0,149.16,5,7,240,1,0,0,1,0,0,0,1,0,1,0,0,270.4461431636538
919,920,75000,1,4,284,74,32,285,330,0,0,0,0,119.0,9,7,320,1,0,0,1,0,0,0,1,0,1,0,0,359.73440243333147
920,921,100000,1,4,284,74,7,645,400,0,0,0,0,223.45,10,7,680,1,0,0,0,1,0,1,0,1,0,0,0,709.6774859550831
921,922,70000,1,5,284,74,72,165,210,0,0,0,0,247.0,2,7,250,1,0,0,0,1,0,0,1,1,0,0,0,284.91775720910323
922,923,95000,1,6,284,74,17,360,410,0,0,0,0,111.14,1,7,600,1,0,0,1,0,0,1,0,0,0,0,1,685.0439541741687
923,924,60000,1,3,284,74,37,285,330,0,0,0,0,163.23,2,7,240,1,0,0,0,1,0,1,0,1,0,0,0,295.5421901195836
924,925,70000,1,6,284,74,32,330,380,0,0,0,0,159.89,3,7,540,1,0,0,0,1,0,0,1,1,0,0,0,600.4411338830548
925,926,75000,1,4,284,74,42,285,330,0,0,0,0,281.17,9,7,320,0,1,0,0,1,0,1,0,0,1,0,0,336.6047816515578
926,927,80000,1,4,284,74,42,150,200,0,0,0,0,81.27,1,7,320,1,0,0,1,0,0,0,1,0,1,0,0,277.8301838909308
927,928,75000,1,4,284,74,42,350,400,0,0,0,0,199.46,6,7,320,1,0,0,0,1,0,0,1,1,0,0,0,346.59326912520856
928,929,105000,1,3,284,74,7,550,450,0,0,0,0,149.69,4,7,600,1,0,0,0,1,0,1,0,0,1,0,0,552.1587896525272
929,930,45000,1,3,284,74,42,285,330,0,0,0,0,223.37,5,7,240,1,0,0,0,1,0,0,1,0,1,0,0,275.7708749537085
930,931,45000,1,6,284,74,92,285,330,0,0,0,0,295.1,6,7,180,0,1,0,0,1,0,0,1,0,1,0,0,279.73494930960027
931,932,45000,1,4,284,74,82,120,170,0,0,0,0,336.15,15,7,160,0,1,0,0,1,0,0,1,0,1,0,0,190.99600022242743
932,933,45000,1,4,284,74,7,360,410,0,0,0,0,320.33,13,7,600,0,1,0,0,1,0,1,0,1,0,0,0,497.396719629863
933,934,45000,1,4,284,74,42,285,330,0,0,0,0,272.39,3,7,320,0,1,0,0,1,0,1,0,0,1,0,0,333.82570628866995
934,935,50000,1,4,284,74,82,120,170,0,0,0,0,256.01,14,7,160,0,1,0,0,1,0,0,1,1,0,0,0,201.78629092386007
935,936,75000,1,4,284,74,42,350,400,0,0,0,0,188.49,6,7,320,1,0,0,0,1,0,1,0,0,1,0,0,347.36625634769786
936,937,80000,1,6,284,74,17,405,450,0,0,0,0,109.07,3,7,660,1,0,0,0,1,0,0,1,1,0,0,0,719.3421511310445
937,938,105000,1,3,284,74,62,210,260,0,0,0,0,144.25,0,7,180,1,0,0,1,0,0,0,1,0,1,0,0,246.84160863268136
938,939,75000,1,4,284,74,32,285,330,0,0,0,0,63.81,1,7,320,1,0,0,0,1,0,1,0,0,1,0,0,385.9077667645196
939,940,90000,1,6,284,74,17,360,410,0,0,0,0,67.54,1,7,600,1,0,0,1,0,0,0,1,1,0,0,0,688.4529714427061
940,941,85000,1,6,284,74,17,405,450,0,0,0,0,38.83,1,7,660,0,1,0,1,0,0,1,0,1,0,0,0,691.2679342794206
941,942,45000,1,3,284,74,42,285,330,0,0,0,0,96.02,3,7,240,0,1,0,0,1,0,1,0,1,0,0,0,283.049107219233
942,943,100000,1,3,284,74,42,150,200,0,0,0,0,188.74,16,7,240,1,0,0,1,0,0,1,0,1,0,0,0,200.78458477241463
943,944,50000,1,4,284,74,82,120,170,0,0,0,0,146.25,6,7,160,1,0,0,1,0,0,0,1,0,1,0,0,200.0479810410709
944,945,65000,1,5,284,74,72,165,210,0,0,0,0,179.51,2,7,250,1,0,0,0,1,0,1,0,1,0,0,0,286.24608941716906
945,946,75000,1,4,284,74,42,285,330,0,0,0,0,139.04,1,7,320,1,0,0,0,1,0,0,1,1,0,0,0,355.98382802207016
946,947,75000,1,4,284,74,37,280,330,0,0,0,0,243.4,10,7,320,1,0,0,0,1,0,1,0,0,1,0,0,346.15738824085304
947,948,75000,1,4,284,74,37,285,330,0,0,0,0,71.03,0,7,320,0,1,0,1,0,0,1,0,1,0,0,0,369.9056797616488
948,949,75000,1,6,284,74,17,200,250,0,0,0,0,115.97,3,7,600,0,1,0,0,1,0,1,0,0,1,0,0,564.2274406388752
949,950,75000,1,4,284,74,72,120,170,0,0,0,0,187.0,12,7,160,1,0,0,0,1,0,0,1,1,0,0,0,212.4652980966519
950,951,75000,1,3,284,74,37,150,200,0,0,0,0,107.84,7,7,240,1,0,0,0,1,0,1,0,0,1,0,0,227.89526929337472
951,952,40000,1,4,284,74,72,120,170,0,0,0,0,131.32,5,7,160,1,0,0,0,1,0,1,0,1,0,0,0,223.55495504613287
952,953,55000,1,3,284,74,37,285,330,0,0,0,0,201.23,6,7,240,1,0,0,0,1,0,0,1,1,0,0,0,284.2295051804475
953,954,100000,1,4,284,74,22,360,410,0,0,0,0,214.7,11,7,400,1,0,0,0,1,0,1,0,0,1,0,0,463.2051971349175
954,955,45000,1,3,284,74,37,285,330,0,0,0,0,272.03,17,7,240,1,0,0,0,1,0,0,1,0,1,0,0,270.71460354559474
955,956,45000,1,6,284,74,47,210,260,0,0,0,0,419.31,26,7,360,1,0,0,0,1,0,0,1,1,0,0,0,401.15270626673396
956,957,40000,1,4,284,74,72,120,170,0,0,0,0,405.05,27,7,160,1,0,0,0,1,0,0,1,0,1,0,0,190.1251547270502
957,958,55000,1,3,284,74,42,285,330,0,0,0,0,792.91,37,11,240,1,0,0,0,1,0,1,0,0,0,0,1,94.6369685874011
958,959,95000,1,6,284,74,47,210,260,0,0,0,0,648.04,25,7,360,1,0,0,0,1,0,0,1,0,1,0,0,405.02223270787886
959,960,50000,1,4,284,74,72,120,170,0,0,0,0,569.08,25,7,160,1,0,0,0,1,0,1,0,0,1,0,0,188.885929090456
960,961,60000,1,3,284,74,37,285,330,0,0,0,0,494.01,19,7,240,1,0,0,0,1,0,1,0,0,1,0,0,265.67055879541977
961,962,60000,1,6,284,74,47,210,260,0,0,0,0,465.7,19,7,360,1,0,0,0,1,0,1,0,0,1,0,0,404.5407050047629
962,963,85000,1,6,284,74,47,210,260,0,0,0,0,611.74,23,7,360,1,0,0,0,1,0,0,1,0,1,0,0,402.1188966551727
963,964,105000,1,3,284,74,32,330,380,0,0,0,0,730.95,30,7,270,1,0,0,0,1,0,0,1,1,0,0,0,305.1523512782578
964,965,85000,1,6,284,74,47,210,260,0,0,0,0,644.66,33,7,360,1,0,0,0,1,0,0,1,1,0,0,0,397.7937221723141
965,966,50000,1,4,284,74,72,120,170,0,0,0,0,475.62,24,7,160,1,0,0,0,1,0,1,0,1,0,0,0,188.24370356580573
966,967,100000,1,4,284,74,47,285,330,0,0,0,1,576.34,29,7,320,1,0,0,0,1,0,1,0,0,1,0,0,299.234909167125
967,968,65000,1,5,284,74,72,165,210,0,0,0,0,472.02,22,11,250,1,0,0,0,1,0,0,1,0,1,0,0,218.27361111151788
968,969,65000,1,6,284,74,47,210,260,0,0,0,0,390.23,26,7,360,1,0,0,0,1,0,1,0,0,1,0,0,408.77665549722474
969,970,65000,1,6,284,74,47,210,260,0,0,0,0,328.87,26,7,360,1,0,0,0,1,0,1,0,1,0,0,0,414.92716433164287
970,971,65000,1,4,284,74,72,165,210,0,0,0,0,241.15,11,7,200,1,0,0,0,1,0,0,1,0,1,0,0,226.85139271955404
971,972,65000,1,4,284,74,72,120,170,0,0,0,0,141.82,1,7,160,1,0,0,0,1,0,1,0,1,0,0,0,224.30863786994183
972,973,105000,1,3,284,74,7,350,400,0,0,0,0,68.88,1,7,360,1,0,0,1,0,0,0,1,1,0,0,0,441.05413290733395
973,974,105000,1,4,284,74,32,330,380,0,0,0,0,129.6,3,7,360,1,0,0,0,1,0,1,0,0,1,0,0,411.7690974077767
974,975,95000,1,5,284,74,72,165,210,0,0,0,0,256.73,22,7,250,1,0,0,0,1,0,1,0,0,1,0,0,277.76402583011736
975,976,60000,1,3,284,74,42,285,330,0,0,0,0,320.25,21,7,240,1,0,0,0,1,0,0,1,1,0,0,0,259.271271439131
976,977,85000,1,6,284,74,77,210,260,0,0,0,0,99.92,7,7,360,0,1,0,1,0,0,1,0,0,1,0,0,336.21138110449454
977,978,100000,1,6,284,74,77,210,260,0,0,0,0,349.89,6,7,360,0,1,0,0,1,0,1,0,0,1,0,0,319.6569709818407
978,979,70000,1,5,284,74,72,165,210,0,0,0,0,562.47,9,7,250,1,0,0,0,1,0,1,0,1,0,0,0,270.40390331626554
979,980,50000,1,4,284,74,72,165,210,0,0,0,0,711.4,6,7,200,1,0,0,0,1,0,0,1,1,0,0,0,224.48649888037306
980,981,85000,1,6,284,74,77,210,260,0,0,0,0,678.28,13,7,360,1,0,0,0,1,0,1,0,1,0,0,0,306.6875561412636
981,982,80000,1,4,284,74,42,285,330,0,0,0,0,801.24,21,7,320,0,1,0,0,1,0,1,0,0,1,0,0,318.9159634288545
982,983,80000,1,5,284,74,72,165,210,0,0,0,0,848.38,3,7,250,1,0,0,0,1,0,0,1,0,1,0,0,274.4436876025012
983,984,80000,1,6,284,74,77,210,260,0,0,0,0,777.41,12,7,360,1,0,0,0,1,0,0,1,0,1,0,0,312.89487809672653
984,985,80000,1,3,284,74,42,285,330,0,0,0,0,867.16,10,7,240,0,1,0,0,1,0,1,0,0,1,0,0,263.3304142523251
985,986,85000,1,6,284,74,77,210,260,0,0,0,0,818.21,12,7,360,1,0,0,0,1,0,1,0,1,0,0,0,311.71468639944004
986,987,55000,1,3,284,74,37,285,330,0,0,0,0,888.79,18,7,240,0,1,0,0,1,0,1,0,0,1,0,0,273.3753107358358
987,988,55000,1,4,284,74,37,285,330,0,0,0,0,738.36,5,7,320,1,0,0,0,1,0,1,0,1,0,0,0,336.9057809199605
988,989,60000,1,6,284,74,47,210,260,0,0,0,0,675.67,8,7,360,1,0,0,0,1,0,0,1,1,0,0,0,401.88027385780686
989,990,90000,1,6,284,74,47,210,260,0,0,0,0,636.03,1,7,360,1,0,0,0,1,0,0,1,0,1,0,0,421.559528085498
990,991,45000,1,3,284,74,42,285,330,0,0,0,0,581.61,1,7,240,1,0,0,0,1,0,1,0,1,0,0,0,275.318175411879
991,992,45000,1,3,284,74,42,285,330,0,0,0,0,504.73,7,7,240,1,0,0,0,1,0,1,0,1,0,0,0,269.22846504013125
992,993,45000,1,3,284,74,7,400,450,0,0,0,0,554.22,1,7,390,0,1,0,0,1,0,0,1,0,1,0,0,428.27947121368913
993,994,45000,1,4,284,74,82,120,170,0,0,0,0,476.18,3,7,160,1,0,0,0,1,0,1,0,1,0,0,0,194.2965571927487
994,995,45000,1,6,284,74,47,210,260,0,0,0,0,419.65,0,7,360,0,1,0,0,1,0,1,0,1,0,0,0,428.75273520108726
995,996,45000,1,5,284,74,72,165,210,0,0,0,0,572.07,12,7,250,1,0,0,0,1,0,1,0,0,1,0,0,272.58326095659487
996,997,45000,1,6,284,74,47,150,200,0,0,0,0,479.15,4,7,360,1,0,0,0,1,0,1,0,1,0,0,0,363.13993782414616
997,998,105000,1,4,284,74,32,330,380,0,0,0,0,353.14,5,7,360,0,1,0,0,1,0,0,1,0,1,0,0,393.99674585174535
998,999,95000,1,6,284,74,47,210,260,0,0,0,0,542.37,10,7,360,1,0,0,0,1,0,0,1,0,1,0,0,421.84236074343625
999,1000,50000,1,4,284,74,72,165,210,0,0,0,0,349.41,7,7,200,1,0,0,0,1,0,1,0,0,1,0,0,224.1006934533392
1000,1001,60000,1,3,0,75,42,285,330,0,0,0,0,89.81,1,7,240,1,0,0,0,1,0,1,0,1,0,0,0,232.6331220641116
1001,1002,55000,1,6,0,75,77,210,260,0,0,0,0,127.12,3,7,360,1,0,0,0,1,0,1,0,1,0,0,0,291.708823545453
1002,1003,40000,1,4,0,75,82,280,330,0,0,0,0,155.24,1,7,160,1,0,0,0,1,0,0,1,1,0,0,0,162.79907023096956
1003,1004,40000,1,4,0,75,82,120,170,0,0,0,0,230.2,6,7,160,1,0,0,0,1,0,1,0,0,1,0,0,172.03053187544393
1004,1005,105000,1,6,0,75,42,180,230,0,0,0,0,190.37,10,7,480,1,0,0,0,1,0,0,1,0,1,0,0,383.5914161926378
1005,1006,85000,1,6,0,75,32,330,380,0,0,0,0,195.8,3,7,540,1,0,0,0,0,1,1,0,0,0,1,0,531.4357195516993
1006,1007,100000,1,4,0,75,7,480,300,0,0,0,0,190.34,9,7,520,1,0,0,0,1,0,0,1,0,1,0,0,514.0062886152109
1007,1008,100000,1,6,0,75,37,285,330,0,0,0,0,113.44,14,7,480,1,0,0,0,1,0,1,0,0,1,0,0,475.3997049913761
1008,1009,85000,1,6,0,75,47,210,260,0,0,0,0,186.42,2,7,360,0,1,0,0,1,0,1,0,1,0,0,0,359.22984408695226
1009,1010,105000,1,6,0,75,32,330,380,0,0,0,0,82.46,2,7,540,1,0,0,0,1,0,1,0,0,1,0,0,535.0781293412413
1010,1011,50000,1,4,0,75,82,120,170,0,0,0,0,156.71,6,7,160,1,0,0,0,1,0,1,0,0,1,0,0,168.6817482273326
1011,1012,60000,1,3,0,75,42,285,330,0,0,0,0,218.08,8,7,240,1,0,0,0,1,0,0,1,1,0,0,0,236.5220493320232
1012,1013,105000,1,6,0,75,42,150,200,0,0,0,0,166.4,4,7,480,1,0,0,1,0,0,1,0,1,0,0,0,379.00181628049745
1013,1014,95000,1,6,0,75,32,330,380,0,0,0,0,133.65,1,7,540,1,0,0,1,0,0,1,0,1,0,0,0,507.6587447905906
1014,1015,85000,1,6,0,75,42,285,330,0,0,0,0,107.87,3,7,480,1,0,0,1,0,0,0,1,0,0,0,1,427.5726447237286
1015,1016,100000,1,6,0,75,32,330,380,0,0,0,0,78.26,3,7,540,1,0,0,1,0,0,0,1,1,0,0,0,505.80614167524243
1016,1017,75000,1,4,0,75,42,285,330,0,0,0,0,124.53,7,7,320,0,1,0,0,1,0,1,0,0,1,0,0,285.66623318806444
1017,1018,90000,1,6,0,75,32,200,250,0,0,0,0,127.53,4,7,540,1,0,0,1,0,0,1,0,1,0,0,0,433.26764268042086
1018,1019,45000,1,3,0,75,42,285,330,0,0,0,0,156.59,12,7,240,0,1,0,0,1,0,1,0,1,0,0,0,242.62892805572952
1019,1020,65000,1,5,0,75,12,405,450,0,0,0,0,81.02,3,7,550,1,0,0,1,0,0,1,0,1,0,0,0,530.2314051446642
1020,1021,65000,1,5,0,75,72,165,210,0,0,0,0,47.01,3,7,250,1,0,0,1,0,0,1,0,0,1,0,0,232.0135853940596
1021,1022,85000,1,6,0,75,37,285,330,0,0,0,0,77.16,3,7,480,0,1,0,0,1,0,0,1,1,0,0,0,457.61101486864357
1022,1023,105000,1,6,0,75,22,360,410,0,0,0,0,86.0,0,7,600,1,0,0,1,0,0,1,0,1,0,0,0,580.8721487628306
1023,1024,50000,1,4,0,75,77,165,210,0,0,0,1,170.11,10,7,200,0,1,0,1,0,0,0,1,1,0,0,0,177.7008503300201
1024,1025,50000,1,6,0,75,22,360,410,0,0,0,0,104.81,6,7,600,1,0,0,1,0,0,1,0,1,0,0,0,562.0533955391284
1025,1026,50000,1,4,0,75,72,120,170,0,0,0,0,79.16,3,7,160,1,0,0,0,1,0,0,1,0,1,0,0,179.15543173721056
1026,1027,50000,1,4,0,75,77,165,210,0,0,0,0,158.86,15,7,200,1,0,0,0,1,0,0,1,1,0,0,0,192.71696005881347
1027,1028,70000,1,5,0,75,72,165,210,0,0,0,0,113.6,5,7,250,0,1,0,1,0,0,1,0,0,1,0,0,226.74512841795973
1028,1029,100000,1,6,0,75,47,210,260,0,0,0,0,69.66,1,7,360,0,1,0,0,1,0,1,0,0,1,0,0,376.2169598407703
1029,1030,100000,1,6,0,75,47,210,260,0,0,0,0,141.43,2,7,360,0,1,0,0,1,0,0,1,0,1,0,0,373.6139113478274
1030,1031,40000,1,4,0,75,72,120,170,0,0,0,0,133.6,3,7,160,0,1,0,1,0,0,0,1,1,0,0,0,170.84077228849105
1031,1032,55000,1,3,0,75,37,285,330,0,0,0,0,182.92,9,7,240,0,1,0,1,0,0,1,0,1,0,0,0,227.5058868743088
1032,1033,40000,1,4,0,75,72,120,170,0,0,0,0,138.5,11,7,160,0,1,0,1,0,0,0,1,0,1,0,0,170.80580679874473
1033,1034,40000,1,3,0,75,37,300,350,0,0,0,0,76.58,1,7,240,1,0,0,0,1,0,1,0,0,1,0,0,245.5657898366054
1034,1035,40000,1,3,0,75,37,285,330,0,0,0,0,46.62,0,7,240,1,0,0,0,1,0,1,0,0,1,0,0,239.5138729679917
1035,1036,45000,1,3,0,75,37,180,230,0,0,0,0,114.34,3,7,240,1,0,0,1,0,0,0,1,0,1,0,0,198.37990523738492
1036,1037,75000,1,4,0,75,37,285,330,0,0,0,0,49.48,0,7,320,1,0,0,0,1,0,0,1,0,1,0,0,293.26957876912047
1037,1038,55000,1,3,0,75,37,285,330,0,0,0,0,143.54,7,7,240,1,0,0,0,1,0,1,0,1,0,0,0,247.34596280976305
1038,1039,50000,1,4,0,75,72,165,210,0,0,0,0,85.01,3,7,200,1,0,0,0,1,0,0,1,1,0,0,0,185.31603674432466
1039,1040,60000,1,3,0,75,37,200,250,0,0,0,0,156.01,9,7,240,1,0,0,0,1,0,0,1,1,0,0,0,221.30034255723513
1040,1041,45000,1,3,0,75,42,285,330,0,0,0,0,101.91,5,7,240,1,0,0,0,1,0,1,0,0,1,0,0,234.4264601578218
1041,1042,60000,1,3,0,75,37,285,330,0,0,0,0,92.89,4,7,240,1,0,0,0,1,0,1,0,0,1,0,0,244.9839294254172
1042,1043,80000,1,4,0,75,37,150,200,0,0,0,0,44.65,0,7,320,1,0,0,0,1,0,1,0,0,1,0,0,249.53417406057775
1043,1044,55000,1,3,0,75,42,285,330,0,0,0,0,105.8,0,7,240,0,1,0,1,0,0,1,0,1,0,0,0,223.13286415243965
1044,1045,70000,1,5,0,75,72,165,210,0,0,0,0,60.31,11,7,250,1,0,0,1,0,0,1,0,0,1,0,0,227.68720356792818
1045,1046,65000,1,5,0,75,72,165,210,0,0,0,0,107.28,4,7,250,0,1,0,0,1,0,1,0,0,1,0,0,229.01155823728504
1046,1047,95000,1,6,0,75,47,210,260,0,0,0,0,157.54,1,7,360,0,1,0,0,1,0,0,1,0,1,0,0,368.02389029265066
1047,1048,70000,1,5,0,75,72,165,210,0,0,0,0,200.01,4,7,250,0,1,0,0,1,0,0,1,1,0,0,0,226.64827276609122
1048,1049,105000,1,3,0,75,12,500,550,0,0,0,0,236.08,4,7,360,0,1,0,0,1,0,1,0,0,1,0,0,391.16419239646416
1049,1050,105000,1,4,0,75,32,330,380,0,0,0,0,222.0,1,7,360,0,1,0,0,1,0,1,0,0,1,0,0,337.85418441377453
1050,1051,60000,1,3,0,75,37,285,330,0,0,0,0,286.5,7,7,240,1,0,0,0,1,0,0,1,1,0,0,0,243.85859654710012
1051,1052,95000,1,6,0,75,47,210,260,0,0,0,0,285.95,1,7,360,0,1,0,0,1,0,1,0,0,1,0,0,362.9181533452898
1052,1053,90000,1,6,0,75,47,210,260,0,0,0,0,162.56,5,7,360,1,0,0,0,1,0,0,1,0,1,0,0,366.01613607051183
1053,1054,95000,1,6,0,75,47,100,150,0,0,0,0,256.56,6,7,360,1,0,0,1,0,0,1,0,1,0,0,0,347.0613483286802
1054,1055,95000,1,6,0,75,47,210,260,0,0,0,0,171.09,5,7,360,0,1,0,1,0,0,1,0,0,1,0,0,375.0320142301578
1055,1056,100000,1,6,0,75,47,210,260,0,0,0,0,150.36,0,7,360,0,1,0,0,1,0,1,0,0,1,0,0,371.97937946787476
1056,1057,40000,1,4,0,75,72,300,350,0,0,0,0,249.83,2,7,160,1,0,0,0,1,0,0,1,0,1,0,0,197.7634255463643
1057,1058,45000,1,3,0,75,37,285,330,0,0,0,0,325.07,5,7,240,1,0,0,0,1,0,0,1,0,1,0,0,239.7186028726125
1058,1059,70000,1,5,0,75,72,165,210,0,0,0,0,319.27,1,7,250,0,1,0,1,0,0,0,1,1,0,0,0,213.15879446866404
1059,1060,70000,1,5,0,75,72,165,210,0,0,0,0,259.12,0,7,250,1,0,0,1,0,0,1,0,0,1,0,0,215.96504420595505
1060,1061,80000,1,4,0,75,37,285,330,0,0,0,0,179.64,1,7,320,0,1,0,1,0,0,0,1,0,1,0,0,298.82266223564005
1061,1062,50000,1,4,0,75,72,165,210,0,0,0,0,277.14,1,7,200,1,0,0,0,1,0,0,1,1,0,0,0,174.86806080063388
1062,1063,75000,1,4,0,75,32,200,250,0,0,0,0,159.81,1,7,320,1,0,0,0,1,0,0,1,1,0,0,0,271.50747731656713
1063,1064,55000,1,3,0,75,42,285,330,0,0,0,0,127.14,1,7,240,1,0,0,0,1,0,1,0,1,0,0,0,231.32287487463
1064,1065,75000,1,4,0,75,32,285,330,0,0,0,0,48.85,0,7,320,0,1,0,0,1,0,0,1,1,0,0,0,307.8697688515583
1065,1066,75000,1,4,0,75,37,150,200,0,0,0,0,101.08,2,7,320,1,0,0,1,0,0,1,0,1,0,0,0,258.888265934702
1066,1067,75000,1,6,0,75,47,210,260,0,0,0,0,176.51,1,7,360,1,0,0,0,1,0,1,0,1,0,0,0,351.8847049569123
1067,1068,75000,1,4,0,75,32,285,330,0,0,0,0,204.13,0,7,320,1,0,0,0,1,0,1,0,1,0,0,0,301.351471782378
1068,1069,60000,1,3,0,75,42,285,330,0,0,0,0,281.04,1,7,240,0,1,0,0,1,0,0,1,0,1,0,0,231.87958842454103
1069,1070,90000,1,6,0,75,47,210,260,0,0,0,0,252.24,2,7,360,1,0,0,0,1,0,1,0,0,1,0,0,360.80393523816815
1070,1071,100000,1,4,0,75,22,200,250,0,0,0,0,264.37,3,7,400,0,1,0,0,1,0,1,0,1,0,0,0,312.2969839243634
1071,1072,90000,1,6,0,75,47,210,260,0,0,0,0,192.21,4,7,360,1,0,0,1,0,0,1,0,1,0,0,0,374.773323931886
1072,1073,70000,1,5,0,75,72,165,210,0,0,0,0,125.26,0,7,250,1,0,0,1,0,0,0,1,1,0,0,0,229.19728172856168
1073,1074,60000,1,3,0,75,37,285,330,0,0,0,0,129.4,2,7,240,1,0,0,0,1,0,1,0,1,0,0,0,241.33880686712126
1074,1075,85000,1,6,0,75,47,210,260,0,0,0,0,65.86,0,7,360,0,1,0,1,0,0,0,1,0,1,0,0,365.19296990577527
1075,1076,85000,1,3,0,75,37,285,330,0,0,0,0,148.0,2,7,240,1,0,0,0,1,0,0,1,1,0,0,0,250.78630870678674
1076,1077,85000,1,4,0,75,72,400,450,0,0,0,0,99.73,1,7,160,0,1,0,1,0,0,0,1,1,0,0,0,109.00086215623774
1077,1078,85000,1,5,0,75,72,165,210,0,0,0,0,66.21,1,7,250,0,1,0,0,1,0,0,1,1,0,0,0,235.05306555810483
1078,1079,85000,1,4,0,75,72,120,170,0,0,0,0,70.18,1,7,160,0,1,0,0,1,0,0,1,0,1,0,0,177.25834385796296
1079,1080,70000,1,5,0,75,72,165,210,0,0,0,0,124.91,8,7,250,0,1,0,0,1,0,0,1,1,0,0,0,235.0895294205511
1080,1081,40000,1,4,0,75,72,120,170,0,0,0,0,64.47,4,7,160,1,0,0,0,1,0,0,1,0,1,0,0,185.20928242267092
1081,1082,95000,1,6,0,75,47,150,200,0,0,0,0,39.6,5,7,360,0,1,0,0,1,0,1,0,1,0,0,0,349.00075210575596
1082,1083,105000,1,6,0,75,47,210,260,0,0,0,0,88.46,2,7,360,1,0,0,0,1,0,1,0,0,1,0,0,380.24072947792115
1083,1084,105000,1,6,0,75,47,210,260,0,0,0,0,121.49,2,7,360,1,0,0,1,0,0,1,0,0,1,0,0,373.8702446838653
1084,1085,90000,1,6,0,75,47,210,260,0,0,0,0,160.1,11,7,360,0,1,0,0,1,0,1,0,1,0,0,0,371.2301199601418
1085,1086,55000,1,3,0,75,37,400,450,0,0,0,0,154.95,1,7,240,1,0,0,1,0,0,1,0,0,1,0,0,261.02230665863556
1086,1087,80000,1,4,0,75,37,285,330,0,0,0,0,63.29,1,7,320,0,1,0,1,0,0,1,0,1,0,0,0,301.85799272494125
1087,1088,80000,1,4,0,75,72,165,210,0,0,0,0,53.71,5,7,200,1,0,0,0,1,0,1,0,0,1,0,0,190.96800701648652
1088,1089,80000,1,3,0,75,42,450,500,0,0,0,0,95.34,7,7,240,1,0,0,0,1,0,1,0,1,0,0,0,225.03568483964216
1089,1090,80000,1,6,0,75,47,210,260,0,0,0,0,66.07,2,7,360,0,1,0,0,1,0,0,1,1,0,0,0,359.99377882498317
1090,1091,80000,1,6,0,75,47,210,260,0,0,0,0,71.01,1,7,360,0,1,0,1,0,0,0,1,0,1,0,0,364.5066744901767
1091,1092,50000,1,4,0,75,72,165,210,0,0,0,0,87.6,1,7,200,0,1,0,0,1,0,0,1,1,0,0,0,182.64193007261542
1092,1093,90000,1,6,0,75,47,450,500,0,0,0,0,134.66,2,7,360,0,1,0,1,0,0,0,1,1,0,0,0,380.4368967795
1093,1094,40000,1,4,0,75,72,120,170,0,0,0,0,94.43,2,7,160,1,0,0,0,1,0,0,1,1,0,0,0,180.79474398880336
1094,1095,90000,1,6,0,75,47,210,260,0,0,0,0,12.04,0,7,360,0,1,0,1,0,0,0,1,1,0,0,0,368.4084491373558
1095,1096,90000,1,4,0,75,37,350,400,0,0,0,0,19.1,2,7,320,0,1,0,1,0,0,1,0,0,1,0,0,332.176923951444
1096,1097,90000,1,3,0,75,42,285,330,0,0,0,0,82.46,1,7,240,0,1,0,1,0,0,1,0,0,1,0,0,243.9500000719674
1097,1098,90000,1,4,0,75,72,120,170,0,0,0,0,63.89,1,7,160,0,1,0,0,1,0,0,1,0,1,0,0,180.04173457828713
1098,1099,90000,1,6,0,75,47,210,260,0,0,0,0,72.12,2,7,360,1,0,0,1,0,0,0,1,0,1,0,0,367.29324058367405
1099,1100,90000,1,3,0,75,37,285,330,0,0,0,0,124.47,2,7,240,0,1,0,1,0,0,1,0,1,0,0,0,253.70373801351855
1100,1101,55000,1,3,107,76,37,285,330,0,0,0,0,248.58,7,7,240,0,1,0,0,1,0,1,0,0,1,0,0,266.47708163878525
1101,1102,105000,1,6,107,76,122,285,330,0,0,0,0,225.62,4,7,120,0,1,0,0,1,0,1,0,1,0,0,0,108.5705956551963
1102,1103,100000,1,6,107,76,47,210,260,0,0,0,0,200.39,9,7,360,1,0,0,0,1,0,1,0,0,1,0,0,414.34109381851067
1103,1104,40000,1,4,107,76,72,350,400,0,0,0,0,149.91,4,7,160,0,1,0,0,1,0,1,0,0,1,0,0,191.2005791740312
1104,1105,70000,1,5,107,76,72,165,210,0,0,0,0,144.8,7,7,250,0,1,0,0,1,0,1,0,0,1,0,0,252.60562186109746
1105,1106,85000,1,6,107,76,47,210,260,0,0,0,0,82.13,4,7,360,0,1,0,1,0,0,0,1,0,1,0,0,414.1996771552409
1106,1107,50000,1,4,107,76,72,300,350,0,0,0,0,117.2,0,7,160,0,1,0,0,1,0,1,0,0,0,0,1,215.55537338641687
1107,1108,40000,1,4,107,76,72,120,170,0,0,0,0,101.65,4,7,160,0,1,0,1,0,0,1,0,0,1,0,0,244.34476381067134
1108,1109,70000,1,5,107,76,42,165,210,0,0,0,0,110.0,3,7,250,1,0,0,1,0,0,0,1,1,0,0,0,353.22927269748783
1109,1110,75000,1,4,107,76,32,285,330,0,0,0,0,30.41,3,7,320,0,1,0,0,1,0,0,1,1,0,0,0,363.98788805659893
1110,1111,85000,1,6,107,76,47,210,260,0,0,0,0,43.17,4,7,360,1,0,0,0,1,0,0,1,1,0,0,0,408.3970100879535
1111,1112,60000,1,3,107,76,42,200,250,0,0,0,0,82.57,6,7,240,0,1,0,0,1,0,0,1,1,0,0,0,293.0989517150553
1112,1113,60000,1,3,107,76,47,285,330,0,0,0,0,58.82,1,7,240,1,0,0,1,0,0,1,0,1,0,0,0,299.2315552193909
1113,1114,60000,1,4,107,76,72,165,210,0,0,0,0,60.5,5,7,200,0,1,0,1,0,0,0,1,0,1,0,0,262.0883408270646
1114,1115,60000,1,6,107,76,47,210,260,0,0,0,0,122.87,4,7,360,1,0,0,1,0,0,0,1,1,0,0,0,437.53666171140134
1115,1116,60000,1,6,107,76,122,210,260,0,0,0,0,170.88,4,7,120,1,0,0,0,1,0,1,0,0,1,0,0,193.6567131907094
1116,1117,50000,1,4,107,76,72,120,170,0,0,0,0,175.32,3,7,160,0,1,0,0,1,0,0,1,0,1,0,0,244.06925343358847
1117,1118,40000,1,4,107,76,72,120,170,0,0,0,0,108.81,2,7,160,1,0,0,1,0,0,0,1,1,0,0,0,247.86996785144748
1118,1119,40000,1,4,107,76,62,120,170,0,0,0,0,204.69,5,7,160,1,0,0,0,1,0,1,0,0,1,0,0,255.85871973290193
1119,1120,40000,1,4,107,76,62,120,170,0,0,0,0,166.03,2,7,160,1,0,1,0,0,0,0,1,1,0,0,0,297.9989865614066
1120,1121,60000,1,3,107,76,42,285,330,0,0,0,0,217.22,4,7,240,1,0,0,1,0,0,1,0,0,1,0,0,285.28316636224827
1121,1122,75000,1,4,107,76,32,285,330,0,0,0,0,276.16,2,7,320,0,1,0,0,1,0,0,1,0,1,0,0,328.0918037801092
1122,1123,75000,1,4,107,76,32,285,330,0,0,0,0,223.89,3,7,320,1,0,0,0,1,0,0,1,0,1,0,0,318.7880328942056
1123,1124,75000,1,3,107,76,42,285,330,0,0,0,0,330.22,13,7,240,0,1,0,0,1,0,0,1,1,0,0,0,237.48805123046208
1124,1125,105000,1,6,107,76,92,285,330,0,0,0,0,281.44,2,7,180,0,1,0,0,1,0,1,0,0,1,0,0,219.65223709768426
1125,1126,70000,1,5,107,76,42,165,210,0,0,0,0,210.21,1,7,250,1,0,0,0,1,0,1,0,0,1,0,0,313.06179000070415
1126,1127,80000,1,4,107,76,32,285,330,0,0,0,0,347.48,0,7,320,1,0,0,0,1,0,0,1,0,1,0,0,348.0130838292721
1127,1128,65000,1,5,107,76,42,165,210,0,0,0,0,370.11,8,7,250,1,0,0,0,1,0,0,1,1,0,0,0,362.0819292931046
1128,1129,80000,1,4,107,76,32,285,330,0,0,0,0,274.48,3,7,320,1,0,0,0,1,0,0,1,0,1,0,0,328.4380881986597
1129,1130,50000,1,4,107,76,72,165,210,0,0,0,0,134.18,3,7,200,0,1,0,0,1,0,1,0,1,0,0,0,248.75019155402157
1130,1131,80000,1,4,107,76,32,285,330,0,0,0,0,104.79,3,7,320,0,1,0,0,1,0,1,0,1,0,0,0,343.54211246028007
1131,1132,40000,1,4,107,76,72,120,170,0,0,0,0,24.17,1,7,160,1,0,0,0,1,0,0,1,1,0,0,0,290.04916618792623
1132,1133,80000,1,4,107,76,32,285,330,0,0,0,0,136.57,2,7,320,1,0,0,0,1,0,0,1,1,0,0,0,335.040902218321
1133,1134,90000,1,6,107,76,22,200,250,0,0,0,0,219.02,1,7,600,1,0,0,0,1,0,0,1,1,0,0,0,547.5711125767675
1134,1135,100000,1,6,107,76,22,405,450,0,0,0,0,277.71,5,7,660,0,1,0,0,1,0,0,1,0,1,0,0,705.3496923212647
1135,1136,100000,1,6,107,76,22,405,450,0,0,0,0,283.71,5,7,660,1,0,0,0,1,0,1,0,0,1,0,0,707.8903176531308
1136,1137,100000,1,6,107,76,122,405,450,0,0,0,0,422.49,10,7,120,1,0,0,0,1,0,0,1,1,0,0,0,168.90458885620222
1137,1138,100000,1,4,107,76,37,285,330,0,0,0,1,432.14,12,7,320,1,0,0,0,1,0,0,1,0,1,0,0,339.28841000181694
1138,1139,60000,1,3,107,76,42,285,330,0,0,0,0,143.74,1,7,240,1,0,0,0,1,0,1,0,0,1,0,0,279.0078605133833
1139,1140,105000,1,6,107,76,22,405,450,0,0,0,0,225.25,0,7,660,0,1,0,0,1,0,0,1,0,1,0,0,678.456380883719
1140,1141,100000,1,6,107,76,22,405,450,0,0,0,0,134.01,2,7,660,0,1,0,0,1,0,1,0,0,1,0,0,648.1430753042921
1141,1142,85000,1,6,107,76,22,330,380,0,0,0,0,100.69,2,7,540,1,0,0,1,0,0,1,0,0,1,0,0,623.9538711819271
1142,1143,75000,1,4,107,76,32,285,330,0,0,0,0,221.11,4,7,320,0,1,0,0,1,0,1,0,1,0,0,0,316.5479512219674
1143,1144,75000,1,4,107,76,72,120,170,0,0,0,0,462.49,15,7,160,0,1,0,0,1,0,0,1,0,1,0,0,217.64306758274168
1144,1145,75000,1,4,107,76,32,285,330,0,0,0,0,374.97,1,7,320,0,1,0,0,1,0,0,1,1,0,0,0,352.24918619197206
1145,1146,75000,1,3,107,76,42,285,330,0,0,0,0,401.78,5,7,240,1,0,0,0,1,0,0,1,0,1,0,0,249.52267693539355
1146,1147,70000,1,5,107,76,72,165,210,0,0,0,0,392.76,10,7,250,1,0,0,0,1,0,0,1,0,1,0,0,270.9448645434351
1147,1148,75000,1,4,107,76,37,285,330,0,0,0,0,298.38,6,7,320,1,0,0,0,1,0,0,1,0,1,0,0,301.1763938387391
1148,1149,55000,1,3,107,76,42,285,330,0,0,0,0,273.59,5,7,240,1,0,0,0,1,0,0,1,0,1,0,0,261.17475198741874
1149,1150,90000,1,6,107,76,17,405,450,0,0,0,0,99.14,4,7,660,0,1,0,0,1,0,1,0,0,1,0,0,686.6561651702818
1150,1151,40000,1,4,107,76,62,120,170,0,0,0,0,30.81,1,7,160,0,1,0,0,1,0,1,0,1,0,0,0,302.52963338229347
1151,1152,40000,1,4,107,76,72,120,170,0,0,0,0,191.67,7,7,160,1,0,0,0,1,0,0,1,1,0,0,0,246.71278778688057
1152,1153,75000,1,4,107,76,32,285,330,0,0,0,0,142.59,3,7,320,1,0,0,0,1,0,0,1,1,0,0,0,329.75074501376037
1153,1154,105000,1,6,107,76,32,330,380,0,0,0,0,63.2,1,7,540,1,0,0,1,0,0,0,1,1,0,0,0,571.0215055071757
1154,1155,105000,1,6,107,76,72,210,260,0,0,0,0,110.28,2,7,360,0,1,0,0,1,0,1,0,1,0,0,0,325.2994381767512
1155,1156,105000,1,3,107,76,42,285,330,0,0,0,0,158.9,3,7,240,1,0,0,0,1,0,1,0,1,0,0,0,294.99778895429665
1156,1157,105000,1,4,107,76,62,120,170,0,0,0,0,297.2,7,7,160,1,0,0,0,1,0,0,1,0,1,0,0,224.5756419252407
1157,1158,105000,1,6,107,76,17,405,450,0,0,0,0,32.89,2,7,660,1,0,0,1,0,0,0,1,1,0,0,0,680.0715023004559
1158,1159,65000,1,5,107,76,42,165,210,0,0,0,0,147.27,6,7,250,1,0,0,1,0,0,1,0,0,1,0,0,334.77065407273085
1159,1160,65000,1,5,107,76,42,165,210,0,0,0,0,88.64,3,7,250,1,0,0,0,1,0,1,0,1,0,0,0,330.8327085431279
1160,1161,90000,1,6,107,76,17,405,450,0,0,0,0,173.22,4,7,660,1,0,0,0,1,0,1,0,1,0,0,0,713.1876613572389
1161,1162,90000,1,6,107,76,17,200,250,0,0,0,0,112.93,0,7,600,1,0,0,0,1,0,0,1,0,1,0,0,552.1756041502272
1162,1163,90000,1,6,107,76,17,360,410,0,0,0,0,216.12,4,7,600,1,0,0,0,1,0,0,1,0,1,0,0,692.09121074437
1163,1164,90000,1,3,107,76,42,285,330,0,0,0,0,273.34,4,7,240,1,0,0,0,1,0,0,1,0,1,0,0,261.7095983273367
1164,1165,90000,1,4,107,76,32,285,330,0,0,0,0,228.18,7,7,320,1,0,0,0,1,0,0,1,1,0,0,0,320.562808241195
1165,1166,90000,1,3,107,76,42,285,330,0,0,0,0,354.73,8,7,240,1,0,0,0,1,0,1,0,0,1,0,0,243.5713618055112
1166,1167,80000,1,4,107,76,32,285,330,0,0,0,0,34.06,1,7,320,1,0,0,1,0,0,0,1,0,1,0,0,381.97083291728
1167,1168,100000,1,6,107,76,122,285,330,0,0,0,0,44.42,3,7,120,1,0,0,0,1,0,1,0,1,0,0,0,138.61284828641286
1168,1169,100000,1,6,107,76,17,250,300,0,0,0,0,85.09,2,7,600,1,0,0,1,0,0,1,0,0,1,0,0,600.7145728508914
1169,1170,55000,1,3,107,76,42,285,330,0,0,0,0,60.34,0,7,240,1,0,0,0,1,0,0,1,0,1,0,0,303.55699019378847
1170,1171,60000,1,3,107,76,42,285,330,0,0,0,0,170.84,1,7,240,1,0,0,0,1,0,0,1,1,0,0,0,275.9121410835155
1171,1172,75000,1,4,107,76,32,180,230,0,0,0,0,36.07,1,7,320,1,0,0,1,0,0,0,1,1,0,0,0,380.2390459500571
1172,1173,80000,1,4,107,76,32,285,330,0,0,0,0,51.11,3,7,320,1,0,0,1,0,0,0,1,1,0,0,0,372.5665226585369
1173,1174,80000,1,5,107,76,42,165,210,0,0,0,0,33.24,2,7,250,1,0,0,1,0,0,1,0,1,0,0,0,374.27627395655054
1174,1175,80000,1,4,107,76,72,200,250,0,0,0,0,106.79,1,7,160,1,0,0,0,1,0,0,1,0,1,0,0,257.8700941865792
1175,1176,80000,1,6,107,76,122,120,170,0,0,0,0,173.18,4,7,120,1,0,0,0,1,0,0,1,1,0,0,0,201.92167866570088
1176,1177,80000,1,4,107,76,32,285,330,0,0,0,0,137.3,0,7,320,1,0,0,0,1,0,1,0,1,0,0,0,340.14528160125394
1177,1178,80000,1,3,107,76,42,285,330,0,0,0,0,200.8,4,7,240,1,0,0,0,1,0,0,1,1,0,0,0,267.2795247374206
1178,1179,75000,1,4,107,76,72,120,170,0,0,0,0,155.54,0,7,160,1,0,0,0,1,0,1,0,0,1,0,0,243.95168487035173
1179,1180,50000,1,4,107,76,72,300,350,0,0,0,0,189.91,1,7,160,1,0,0,0,1,0,1,0,0,1,0,0,208.62652486998473
1180,1181,65000,1,5,107,76,42,165,210,0,0,0,0,185.53,1,7,250,1,0,0,0,1,0,0,1,1,0,0,0,311.1828975856049
1181,1182,45000,1,5,107,76,17,450,500,0,0,0,0,254.1,2,7,600,1,0,0,0,1,0,0,1,1,0,0,0,634.009884747961
1182,1183,45000,1,3,107,76,42,285,330,0,0,0,0,75.58,3,7,240,1,0,0,1,0,0,1,0,1,0,0,0,289.70474497588737
1183,1184,85000,1,6,107,76,17,360,410,0,0,0,0,109.86,3,7,600,1,0,0,0,1,0,0,1,1,0,0,0,662.2596536816078
1184,1185,50000,1,4,107,76,72,120,170,0,0,0,0,177.79,0,7,160,1,0,0,0,1,0,1,0,0,0,1,0,193.87762048954488
1185,1186,100000,1,6,107,76,47,210,260,0,0,0,0,165.0,2,7,360,1,0,0,0,1,0,0,1,0,1,0,0,410.22318283570337
1186,1187,100000,1,4,107,76,32,285,330,0,0,0,0,224.51,5,7,320,1,0,0,0,1,0,0,1,1,0,0,0,331.14348208993584
1187,1188,100000,1,6,107,76,22,360,410,0,0,0,0,207.48,5,7,600,0,1,0,0,1,0,1,0,0,1,0,0,657.0151284534574
1188,1189,100000,1,4,107,76,32,285,330,0,0,0,0,128.13,4,7,320,1,0,0,0,1,0,0,1,1,0,0,0,346.30848281870556
1189,1190,100000,1,5,107,76,42,165,210,0,0,0,0,118.15,7,7,250,0,1,0,0,1,0,0,1,1,0,0,0,337.3089702516181
1190,1191,100000,1,5,107,76,42,165,210,0,0,0,0,65.73,0,7,250,1,0,0,0,1,0,0,1,0,1,0,0,357.477269612275
1191,1192,100000,1,4,107,76,32,285,330,0,0,0,0,91.39,2,7,320,0,1,0,1,0,0,1,0,0,1,0,0,386.9274574530061
1192,1193,100000,1,4,107,76,7,570,280,0,0,0,0,112.29,5,7,600,0,1,0,0,1,0,1,0,1,0,0,0,609.3672256814973
1193,1194,45000,1,5,107,76,42,165,210,0,0,0,0,173.97,1,7,250,0,1,0,0,0,1,0,1,1,0,0,0,298.94233188954234
1194,1195,45000,1,6,107,76,72,120,170,0,0,0,0,222.1,1,7,240,1,0,0,0,1,0,1,0,0,1,0,0,343.8114283693494
1195,1196,70000,1,5,107,76,92,120,170,0,0,0,0,155.08,2,7,150,1,0,0,0,1,0,0,1,1,0,0,0,236.94819328193518
1196,1197,90000,1,6,107,76,22,360,410,0,0,0,0,86.58,5,7,600,0,1,0,1,0,0,1,0,1,0,0,0,643.513957296542
1197,1198,65000,1,5,107,76,72,165,210,0,0,0,0,87.48,0,7,250,1,0,0,1,0,0,0,1,1,0,0,0,290.9313536289858
1198,1199,105000,1,6,107,76,22,360,410,0,0,0,0,70.6,2,7,600,0,1,0,0,1,0,1,0,0,1,0,0,632.4973001620497
1199,1200,100000,1,6,107,76,72,360,410,0,0,0,0,144.62,2,7,120,1,0,0,1,0,0,1,0,0,1,0,0,299.4558001749401
1200,1,100000,1,4,113,76,30,330,380,0,0,0,0,136.01,4,7,560,1,0,0,1,0,0,0,1,0,1,0,0,417.7337682042019
1201,2,50000,1,4,113,76,45,165,210,0,0,0,0,349.69,2,7,400,0,1,0,0,1,0,0,1,0,1,0,0,313.292729418216
1202,3,85000,1,3,113,76,20,450,500,0,0,0,0,335.43,7,7,540,0,1,0,0,1,0,1,0,0,1,0,0,378.0556002560834
1203,4,80000,1,5,113,76,45,165,210,0,0,0,0,310.44,2,7,450,1,0,0,0,1,0,0,1,1,0,0,0,341.84069683292944
1204,5,75000,1,4,113,76,30,285,330,0,0,0,0,276.74,0,7,520,0,1,0,0,1,0,0,1,1,0,0,0,359.21683214908734
1205,6,50000,1,4,113,76,45,330,380,0,0,0,0,224.96,2,7,400,0,1,0,1,0,0,0,1,0,1,0,0,360.78446973209566
1206,7,75000,1,4,113,76,30,150,200,0,0,0,0,167.03,4,7,520,0,1,0,1,0,0,1,0,1,0,0,0,379.6017984047502
1207,8,75000,1,6,113,76,40,210,260,0,0,0,0,122.1,3,7,600,0,1,0,1,0,0,1,0,0,1,0,0,484.79441467336017
1208,9,75000,1,6,113,76,45,165,210,0,0,0,0,107.42,3,7,540,0,1,0,1,0,0,1,0,1,0,0,0,440.1862573643625
1209,10,75000,1,6,113,76,40,400,450,0,0,0,0,151.09,3,7,600,0,1,0,1,0,0,0,1,1,0,0,0,553.4837727946649
1210,11,75000,1,3,113,76,20,200,250,0,0,0,0,249.0,1,7,540,0,1,0,1,0,0,1,0,0,1,0,0,395.6134015506515
1211,12,75000,1,6,113,76,40,210,260,0,0,0,0,290.0,8,7,600,1,0,0,1,0,0,1,0,0,1,0,0,530.4701713739496
1212,13,75000,1,3,113,76,35,285,330,0,0,0,0,266.37,6,7,420,0,1,0,1,0,0,1,0,1,0,0,0,326.6188446955824
1213,14,75000,1,5,113,76,40,165,210,0,0,0,0,238.1,3,7,450,1,0,0,0,1,0,1,0,1,0,0,0,343.59147773346365
1214,15,75000,1,4,113,76,60,120,170,0,0,0,0,203.82,0,7,360,1,0,0,1,0,0,0,1,1,0,0,0,311.1362894767217
1215,16,75000,1,4,113,76,30,285,330,0,0,0,0,156.35,2,7,520,0,1,0,1,0,0,0,1,1,0,0,0,398.8630611359556
1216,17,75000,1,3,113,76,35,285,330,0,0,0,0,104.85,2,7,420,0,1,0,1,0,0,0,1,1,0,0,0,351.5123214424114
1217,18,45000,1,5,113,76,40,165,210,0,0,0,0,76.55,1,7,450,1,0,0,1,0,0,0,1,1,0,0,0,384.3054190140368
1218,19,40000,1,4,113,76,60,280,330,0,0,0,0,52.61,2,7,360,1,0,0,1,0,0,1,0,0,1,0,0,309.94927094448826
1219,20,105000,1,3,113,76,25,450,500,0,0,0,0,126.21,1,7,540,0,1,0,1,0,0,0,1,0,1,0,0,410.4669637285841
1220,21,100000,1,6,113,76,40,300,350,0,0,0,0,189.99,0,7,600,0,1,0,1,0,0,1,0,1,0,0,0,554.6154116165983
1221,22,105000,1,6,113,76,35,210,260,0,0,0,0,251.53,7,7,600,0,1,0,0,1,0,1,0,1,0,0,0,506.93114769742067
1222,23,50000,1,4,113,76,45,165,210,0,0,0,0,240.93,7,7,400,0,1,0,0,1,0,0,1,1,0,0,0,291.2806597737455
1223,24,45000,1,3,113,76,25,285,330,0,0,0,0,207.39,5,7,420,0,1,0,0,1,0,0,1,0,1,0,0,319.5457862805753
1224,25,65000,1,5,113,76,45,380,430,0,0,0,0,182.72,2,7,450,1,0,0,1,0,0,0,1,1,0,0,0,414.98203681011904
1225,26,50000,1,3,113,76,25,285,330,0,0,0,0,112.16,0,7,420,1,0,0,1,0,0,1,0,0,1,0,0,380.07451416276024
1226,27,105000,1,3,113,76,20,450,500,0,0,0,0,56.3,1,7,540,1,0,0,1,0,0,1,0,0,1,0,0,448.1563451237213
1227,28,40000,1,4,113,76,50,120,170,0,0,0,0,30.41,1,7,360,1,0,0,1,0,0,1,0,1,0,0,0,332.5251218419547
1228,29,40000,1,3,113,76,25,200,250,0,0,0,0,74.43,2,7,420,1,0,0,1,0,0,0,1,0,1,0,0,365.59857465475443
1229,30,40000,1,4,113,76,60,120,170,0,0,0,0,141.01,2,7,360,0,1,0,1,0,0,1,0,0,1,0,0,289.05007200854203
1230,31,40000,1,4,113,76,60,360,410,0,0,0,0,144.28,3,7,360,0,1,0,1,0,0,0,1,1,0,0,0,259.60110015548673
1231,32,40000,1,4,113,76,65,90,140,0,0,0,0,167.93,5,7,320,0,1,0,0,1,0,0,1,0,1,0,0,280.39816770493724
1232,33,40000,1,4,113,76,40,210,260,0,0,0,0,67.2,4,7,440,1,0,0,1,0,0,1,0,0,1,0,0,337.6016951685217
1233,34,40000,1,3,113,76,30,120,170,0,0,0,0,93.52,5,7,450,0,1,0,0,1,0,0,1,0,1,0,0,332.4692638344158
1234,35,40000,1,4,113,76,50,120,170,0,0,0,1,102.07,5,7,360,1,0,0,0,1,0,0,1,1,0,0,0,313.9402941237143
1235,36,40000,1,5,113,76,55,280,330,0,0,0,0,60.88,2,7,400,1,0,0,0,1,0,1,0,0,1,0,0,371.8607543274088
1236,37,40000,1,3,113,76,35,240,290,0,0,0,0,87.0,0,7,390,0,1,0,1,0,0,1,0,0,1,0,0,341.64091598128783
1237,38,40000,1,4,113,76,45,165,210,0,0,0,0,92.91,3,7,400,0,1,0,0,1,0,1,0,1,0,0,0,321.2627979038056
1238,39,100000,1,4,113,76,50,120,170,0,0,0,0,126.53,3,7,360,0,1,0,0,1,0,0,1,0,1,0,0,310.0456052743799
1239,40,60000,1,3,113,76,55,300,350,0,0,0,0,167.06,6,7,300,0,1,0,0,1,0,0,1,0,1,0,0,271.27556216753817
1240,41,45000,1,3,113,76,65,120,170,0,0,0,0,206.46,6,7,270,1,0,0,0,1,0,0,1,1,0,0,0,254.36654480194278
1241,42,60000,1,3,113,76,70,260,310,0,0,0,0,193.83,6,7,270,1,0,0,0,1,0,1,0,1,0,0,0,253.7451386335557
1242,43,40000,1,4,113,76,65,120,170,0,0,0,0,188.4,4,7,320,1,0,0,0,1,0,0,1,0,1,0,0,273.4493762539445
1243,44,60000,1,3,113,76,60,120,170,0,0,0,0,139.45,4,7,300,1,0,0,0,1,0,1,0,0,1,0,0,271.63067089370054
1244,45,65000,1,4,113,76,40,180,230,0,0,0,0,74.4,3,7,440,1,0,0,1,0,0,1,0,1,0,0,0,353.20772488124
1245,46,100000,1,4,113,76,25,360,410,0,0,0,0,35.36,1,7,600,0,1,0,1,0,0,1,0,1,0,0,0,470.6720927587339
1246,47,70000,1,5,113,76,25,285,330,0,0,0,0,51.62,1,7,600,0,1,0,1,0,0,0,1,1,0,0,0,482.14449818195305
1247,48,100000,1,6,113,76,55,240,290,0,0,0,0,90.8,1,7,480,1,0,0,1,0,0,0,1,0,1,0,0,439.43984670070415
1248,49,85000,1,6,113,76,50,120,170,0,0,0,0,136.56,2,7,360,1,0,0,0,1,0,1,0,1,0,0,0,364.63034677067867
1249,50,100000,1,6,113,76,65,300,350,0,0,0,0,150.72,4,7,360,1,0,0,0,1,0,1,0,1,0,0,0,347.0746952923664
1250,51,90000,1,6,113,76,75,120,170,0,0,0,0,102.08,1,7,420,1,0,0,0,1,0,0,1,1,0,0,0,327.44499247371175
1251,52,105000,1,6,113,76,50,240,290,0,0,0,0,114.39,3,7,420,1,0,0,0,1,0,0,1,0,1,0,0,434.17459185145697
1252,53,75000,1,4,113,76,60,120,170,0,0,0,0,139.29,4,7,360,1,0,0,0,1,0,0,1,1,0,0,0,278.13225164871676
1253,54,75000,1,4,113,76,75,120,170,0,0,0,0,188.53,3,7,320,1,0,0,0,1,0,1,0,0,1,0,0,250.0000437401432
1254,55,75000,1,6,113,76,50,200,250,0,0,0,0,189.11,3,7,360,1,0,0,0,1,0,1,0,1,0,0,0,417.83305434643376
1255,56,75000,1,4,113,76,70,120,170,0,0,0,0,151.82,3,7,320,1,0,0,0,1,0,1,0,0,1,0,0,260.4119758406039
1256,57,75000,1,5,113,76,60,310,360,0,0,0,0,98.27,3,7,400,1,0,0,0,1,0,1,0,1,0,0,0,311.58214360372165
1257,58,75000,1,3,113,76,35,285,330,0,0,0,0,66.1,3,7,420,1,0,0,1,0,0,0,1,1,0,0,0,347.99514943634904
1258,59,75000,1,3,113,76,30,330,380,0,0,0,0,54.04,2,7,450,1,0,0,0,1,0,0,1,1,0,0,0,357.0891826930552
1259,60,75000,1,3,113,76,25,280,330,0,0,0,0,37.12,1,7,480,1,0,0,1,0,0,0,1,1,0,0,0,392.25648502398565
1260,61,80000,1,4,113,76,40,210,260,0,0,0,0,77.16,2,7,440,1,0,0,0,1,0,0,1,0,1,0,0,341.8057061862817
1261,62,40000,1,4,113,76,45,165,210,0,0,0,0,118.44,2,7,400,1,0,0,0,1,0,1,0,0,1,0,0,314.65181612661183
1262,63,75000,1,4,113,76,50,165,210,0,0,0,0,176.82,3,7,320,1,0,0,0,1,0,1,0,0,0,0,1,286.6020634915734
1263,64,40000,1,4,113,76,90,100,150,0,0,0,0,235.36,6,7,280,1,0,0,0,1,0,1,0,0,0,0,1,254.99903877255502
1264,65,45000,1,3,113,76,130,165,210,0,0,0,0,254.87,7,7,240,1,0,0,0,1,0,0,1,0,0,0,1,213.19223255953477
1265,66,90000,1,6,113,76,120,165,210,0,0,0,0,296.1,9,7,300,1,0,0,0,1,0,0,1,0,1,0,0,185.70586601913567
1266,67,50000,1,4,113,76,50,200,250,0,0,0,0,207.2,5,7,320,1,0,0,1,0,0,0,1,0,1,0,0,300.0070588779
1267,68,60000,1,3,113,76,75,165,210,0,0,0,0,238.32,6,7,270,1,0,0,1,0,0,0,1,0,1,0,0,254.18969146275856
1268,69,60000,1,4,113,76,70,165,210,0,0,0,0,197.28,5,7,320,1,0,0,0,1,0,0,1,0,1,0,0,251.60526959298176
1269,70,60000,1,6,113,76,120,310,360,0,0,0,0,228.64,6,7,300,1,0,0,0,1,0,0,1,0,1,0,0,196.6006895936507
1270,71,60000,1,4,113,76,120,165,210,0,0,0,0,237.98,6,7,240,1,0,0,0,1,0,1,0,1,0,0,0,185.3819570647433
1271,72,60000,1,5,113,76,130,165,210,0,0,0,0,197.31,5,7,300,1,0,0,0,1,0,1,0,1,0,0,0,176.49785740616642
1272,73,60000,1,3,113,76,60,120,170,0,0,0,0,209.4,5,7,300,1,0,0,0,1,0,0,1,1,0,0,0,254.6650408440205
1273,74,60000,1,4,113,76,130,280,330,0,0,0,0,261.01,6,7,280,1,0,0,0,1,0,0,1,1,0,0,0,101.60999623127194
1274,75,65000,1,5,113,76,90,120,170,0,0,0,0,234.85,6,7,300,1,0,0,0,1,0,0,1,0,1,0,0,254.97383070518174
1275,76,70000,1,4,113,76,130,120,170,0,0,0,0,281.32,4,7,280,1,0,0,0,1,0,1,0,0,1,0,0,204.93482988132303
1276,77,40000,1,4,113,76,120,300,350,0,0,0,0,344.41,0,7,240,1,0,0,0,1,0,1,0,1,0,0,0,162.26088496704332
1277,78,45000,1,3,113,76,130,120,170,0,0,0,0,315.41,1,7,240,1,0,0,0,1,0,1,0,0,1,0,0,268.775013162537
1278,79,95000,1,6,113,76,120,120,170,0,0,0,0,347.59,2,7,300,1,0,0,0,1,0,0,1,1,0,0,0,213.74728100284972
1279,80,105000,1,4,113,76,120,120,170,0,0,0,0,372.86,3,7,240,1,0,0,0,1,0,0,1,0,1,0,0,200.61581482687353
1280,81,75000,1,6,113,76,113,180,230,0,0,0,0,408.79,5,7,300,1,0,0,0,1,0,1,0,0,1,0,0,234.66296417436573
1281,82,60000,1,3,113,76,130,120,170,0,0,0,0,389.42,4,7,240,1,0,0,0,1,0,0,1,1,0,0,0,234.59275251902596
1282,83,105000,1,3,113,76,130,120,170,0,0,0,0,415.88,8,7,240,1,0,0,0,1,0,0,1,0,1,0,0,199.87026181111793
1283,84,95000,1,6,113,76,120,220,270,0,0,0,0,465.97,15,7,300,1,0,0,0,1,0,1,0,1,0,0,0,204.86670747915093
1284,85,80000,1,4,113,76,130,120,170,0,0,0,0,491.23,11,7,280,1,0,0,0,1,0,1,0,1,0,0,0,171.83552568974878
1285,86,45000,1,3,113,76,92,120,170,0,0,0,0,434.01,4,7,270,1,0,0,0,1,0,1,0,1,0,0,0,236.3537521831887
1286,87,60000,1,3,113,76,92,180,230,0,0,0,0,491.92,3,7,270,1,0,0,0,1,0,0,1,0,1,0,0,241.06267584830772
1287,88,85000,1,6,113,76,122,120,170,0,0,0,0,422.2,3,7,300,1,0,0,0,1,0,0,1,0,1,0,0,222.90578504704442
1288,89,45000,1,3,113,76,62,190,240,0,0,0,0,349.23,8,7,300,1,0,0,0,1,0,0,1,1,0,0,0,253.35435989504856
1289,90,45000,1,3,113,76,62,120,170,0,0,0,0,326.96,10,7,300,1,0,0,0,1,0,1,0,0,1,0,0,241.64574573482702
1290,91,45000,1,4,113,76,55,165,210,0,0,0,0,297.43,7,7,400,1,0,0,0,1,0,1,0,0,1,0,0,289.34794507769357
1291,92,45000,1,4,113,76,62,165,210,0,0,0,0,345.24,11,7,360,1,0,0,0,1,0,1,0,0,1,0,0,285.31411980582095
1292,93,45000,1,6,113,76,132,100,150,0,0,0,0,318.68,10,7,360,1,0,0,0,1,0,1,0,1,0,0,0,282.91997705360086
1293,94,45000,1,6,113,76,132,165,210,0,0,0,0,292.31,9,7,360,1,0,0,0,1,0,0,1,1,0,0,0,244.99693265436898
1294,95,45000,1,6,113,76,135,120,170,0,0,0,0,320.98,10,7,360,1,0,0,0,1,0,1,0,0,0,0,1,264.02783042227003
1295,96,45000,1,3,113,76,62,165,210,0,0,0,0,359.9,16,7,300,1,0,0,0,1,0,1,0,0,0,0,1,251.13557025443316
1296,97,45000,1,4,113,76,92,165,210,0,0,0,0,322.58,12,7,320,1,0,0,0,1,0,0,1,0,0,0,1,255.4910443060051
1297,98,50000,1,4,113,76,55,200,250,0,0,0,0,266.32,10,7,400,1,0,0,0,1,0,1,0,1,0,0,0,286.99721543559605
1298,99,80000,1,4,113,76,92,165,210,0,0,0,0,364.61,9,7,320,1,0,0,0,1,0,1,0,1,0,0,0,214.91304807358785
1299,100,70000,1,5,113,76,25,285,330,0,0,0,0,239.56,2,7,600,1,0,0,0,1,0,0,1,1,0,0,0,485.53127166079776
1300,101,85000,1,6,147,74,32,240,290,0,0,0,0,90.27,2,7,660,1,0,0,0,1,0,0,1,0,1,0,0,677.9202853414715
1301,102,105000,1,3,147,74,13,480,300,0,0,0,0,201.42,2,7,570,1,0,0,0,1,0,0,1,1,0,0,0,579.9336267389967
1302,103,40000,1,4,147,74,42,285,330,0,0,0,0,154.25,3,7,520,1,0,0,0,1,0,1,0,1,0,0,0,473.55911329599354
1303,104,65000,1,5,147,74,62,210,260,0,0,0,0,169.96,3,7,500,1,0,0,0,1,0,0,1,1,0,0,0,469.12979836647304
1304,105,85000,1,6,147,74,65,165,210,0,0,0,0,173.93,6,7,540,1,0,0,0,1,0,1,0,1,0,0,0,513.4811614069804
1305,106,60000,1,3,147,74,25,405,450,0,0,0,0,144.14,6,7,510,1,0,0,0,1,0,1,0,0,1,0,0,515.5372543735787
1306,107,75000,1,4,147,74,25,200,250,0,0,0,0,164.0,6,7,520,1,0,0,0,1,0,1,0,0,0,0,1,458.061932319027
1307,108,55000,1,5,147,74,25,285,330,0,0,0,0,108.26,2,7,600,1,0,0,0,1,0,1,0,1,0,0,0,619.6843672813335
1308,109,95000,1,6,147,74,42,210,260,0,0,0,0,113.89,2,7,600,1,0,0,0,1,0,0,1,0,1,0,0,600.9616823754554
1309,110,75000,1,4,147,74,32,330,380,0,0,0,0,183.35,1,7,560,1,0,0,0,1,0,1,0,0,1,0,0,529.3306124549661
1310,111,85000,1,6,147,74,52,165,210,0,0,0,0,226.74,2,7,540,1,0,0,0,1,0,1,0,1,0,0,0,538.1277679707096
1311,112,85000,1,4,147,74,42,240,290,0,0,0,0,283.47,1,7,480,1,0,0,0,1,0,1,0,1,0,0,0,450.5720917507484
1312,113,85000,1,3,147,74,25,360,410,0,0,0,0,261.69,2,7,480,1,0,0,0,1,0,1,0,0,1,0,0,503.7605762494672
1313,114,85000,1,4,147,74,25,405,450,0,0,0,0,118.68,2,7,640,1,0,0,1,0,0,0,1,0,1,0,0,603.9795442699915
1314,115,85000,1,5,147,74,22,450,500,0,0,0,0,33.53,1,7,800,1,0,0,0,1,0,0,1,1,0,0,0,701.2156055252526
1315,116,85000,1,5,147,74,52,210,260,0,0,0,0,142.44,2,7,500,1,0,0,0,1,0,0,1,1,0,0,0,481.72918076307843
1316,117,85000,1,4,147,74,35,220,270,0,0,0,0,81.5,0,7,600,1,0,0,1,0,0,1,0,0,1,0,0,492.56794649281335
1317,118,85000,1,5,147,74,32,285,330,0,0,0,0,88.28,2,7,600,1,0,0,1,0,0,1,0,0,1,0,0,590.3135241335077
1318,119,100000,1,3,147,74,25,180,230,0,0,0,0,199.4,5,7,480,1,0,0,0,1,0,1,0,0,1,0,0,439.497399032379
1319,120,80000,1,6,147,74,52,165,210,0,0,0,0,172.0,7,7,540,1,0,0,0,1,0,1,0,0,1,0,0,532.6739604216204
1320,121,40000,1,4,147,74,35,285,330,0,0,0,0,147.49,3,7,520,0,1,0,0,1,0,0,1,1,0,0,0,484.93007887501295
1321,122,50000,1,4,147,74,25,360,410,0,0,0,0,57.01,1,7,600,1,0,0,0,1,0,0,1,1,0,0,0,576.5113824932055
1322,123,100000,1,3,147,74,13,480,300,0,0,0,0,56.75,2,7,570,1,0,0,1,0,0,1,0,0,1,0,0,606.3717050639734
1323,124,100000,1,4,147,74,35,220,270,0,0,0,0,145.91,8,7,520,1,0,0,0,1,0,0,1,0,1,0,0,470.155416826864
1324,125,40000,1,4,147,74,22,405,450,0,0,0,0,55.01,1,7,640,1,0,0,0,1,0,1,0,0,1,0,0,631.5217269130453
1325,126,100000,1,3,147,74,13,350,400,0,0,0,0,88.62,4,7,570,1,0,0,1,0,0,1,0,0,1,0,0,589.5213713275792
1326,127,60000,1,3,147,74,13,480,300,0,0,0,0,97.74,3,7,570,1,0,0,1,0,0,0,1,0,1,0,0,542.5802307447108
1327,128,40000,1,4,147,74,22,450,500,0,0,0,0,32.02,1,7,680,1,0,0,1,0,0,1,0,1,0,0,0,619.0916971657765
1328,129,95000,1,6,147,74,42,240,290,0,0,0,0,79.88,0,7,660,1,0,0,1,0,0,0,1,0,1,0,0,632.8544670370521
1329,130,45000,1,3,147,74,13,480,300,0,0,0,1,95.52,4,7,570,1,0,0,0,1,0,1,0,0,1,0,0,534.294711569645
1330,131,85000,1,4,147,74,25,405,450,0,0,0,0,56.01,1,7,640,1,0,0,1,0,0,0,1,0,1,0,0,608.9776905195183
1331,132,60000,1,3,147,74,22,450,500,0,0,0,0,94.37,1,7,540,1,0,0,0,1,0,1,0,1,0,0,0,535.6730939825746
1332,133,75000,1,4,147,74,15,480,300,0,0,0,0,23.85,1,7,720,1,0,0,0,1,0,0,1,0,1,0,0,658.7123862572697
1333,134,80000,1,4,147,74,25,300,350,0,0,0,0,74.17,1,7,640,1,0,0,1,0,0,1,0,0,1,0,0,545.6226998633656
1334,135,95000,1,6,147,74,42,240,290,0,0,0,0,79.2,1,7,660,1,0,0,1,0,0,0,1,1,0,0,0,632.446716841835
1335,136,95000,1,6,147,74,32,330,380,0,0,0,0,30.59,1,7,780,1,0,0,0,1,0,1,0,0,1,0,0,751.8562101295367
1336,137,95000,1,4,147,74,22,450,500,0,0,0,0,67.08,2,7,680,1,0,0,1,0,0,1,0,1,0,0,0,620.4968692903108
1337,138,95000,1,5,147,74,32,230,280,0,0,0,0,69.35,2,7,650,1,0,0,0,1,0,0,1,0,1,0,0,552.5045268314273
1338,139,95000,1,3,147,74,5,600,450,0,0,0,0,49.48,1,7,660,1,0,0,0,1,0,1,0,0,1,0,0,688.8771902936169
1339,140,95000,1,3,147,74,5,480,300,0,0,0,0,45.88,0,7,660,1,0,0,0,1,0,0,1,1,0,0,0,629.6624519118694
1340,141,95000,1,4,147,74,25,360,410,0,0,0,0,93.91,3,7,600,1,0,0,1,0,0,0,1,1,0,0,0,609.0950327941059
1341,142,75000,1,6,147,74,25,280,330,0,0,0,0,10.77,0,7,840,1,0,0,0,1,0,0,1,0,1,0,0,743.3899777773058
1342,143,95000,1,6,147,74,35,285,330,0,0,0,0,60.44,2,7,720,1,0,0,0,1,0,0,1,0,1,0,0,710.3284746814129
1343,144,60000,1,3,147,74,5,720,380,0,0,0,0,35.44,1,7,750,1,0,0,1,0,0,1,0,0,1,0,0,732.2087146924124
1344,145,75000,1,4,147,74,22,450,500,0,0,0,0,59.51,0,7,680,1,0,0,1,0,0,1,0,0,1,0,0,622.399765615135
1345,146,40000,1,4,147,74,25,180,230,0,0,0,0,99.76,1,7,600,1,0,0,0,1,0,1,0,0,1,0,0,433.9816053944758
1346,147,65000,1,5,147,74,35,285,330,0,0,0,0,89.47,2,7,600,1,0,0,0,1,0,0,1,0,1,0,0,579.3020604480313
1347,148,85000,1,6,147,74,35,300,350,0,0,0,0,57.71,1,7,720,1,0,0,1,0,0,1,0,1,0,0,0,713.4724792466151
1348,149,40000,1,4,147,74,62,120,170,0,0,0,0,229.59,8,7,360,1,0,0,0,1,0,1,0,1,0,0,0,371.5163615179786
1349,150,45000,1,3,147,74,5,645,400,0,0,0,0,36.36,1,7,690,1,0,0,1,0,0,1,0,0,1,0,0,699.5313882003833
1350,151,65000,1,5,147,74,35,285,330,0,0,0,0,129.4,5,7,600,1,0,0,0,1,0,0,1,0,1,0,0,581.4756258499668
1351,152,40000,1,4,147,74,32,360,410,0,0,0,0,121.5,4,7,600,1,0,0,0,1,0,0,1,1,0,0,0,562.0158412586062
1352,153,40000,1,6,147,74,42,210,260,0,0,0,0,177.72,4,7,600,1,0,0,0,1,0,0,1,0,1,0,0,605.6373926175336
1353,154,40000,1,5,147,74,132,380,430,0,0,0,0,230.65,7,7,300,1,0,0,0,1,0,0,1,0,1,0,0,269.1399204916282
1354,155,40000,1,4,147,74,92,210,260,0,0,0,0,294.54,6,7,320,1,0,0,0,1,0,0,1,1,0,0,0,347.3324189652314
1355,156,40000,1,4,147,74,92,210,260,0,0,0,0,178.72,2,7,320,1,0,0,0,1,0,1,0,1,0,0,0,331.5791528411166
1356,157,40000,1,5,147,74,132,380,430,0,0,0,0,196.02,9,7,300,1,0,0,0,1,0,1,0,1,0,0,0,268.3917936606141
1357,158,90000,1,6,147,74,122,210,260,0,0,0,0,224.45,11,7,300,1,0,0,0,1,0,0,1,1,0,0,0,307.6857510931103
1358,159,105000,1,6,147,74,113,180,230,0,0,0,0,215.2,11,7,360,1,0,0,0,1,0,0,1,1,0,0,0,330.5832200627865
1359,160,70000,1,5,147,74,113,210,260,0,0,0,0,210.11,5,7,300,1,0,0,0,1,0,1,0,1,0,0,0,284.4825635775636
1360,161,70000,1,3,147,74,92,210,260,0,0,0,0,250.91,6,7,270,1,0,0,0,1,0,0,1,1,0,0,0,316.8706829838389
1361,162,70000,1,5,147,74,122,180,230,0,0,0,0,332.63,7,7,250,1,0,0,0,1,0,0,1,0,1,0,0,268.83865199075655
1362,163,70000,1,6,147,74,122,210,260,0,0,0,0,389.28,1,7,300,1,0,0,0,1,0,1,0,0,1,0,0,314.097501531678
1363,164,70000,1,3,147,74,132,370,420,0,0,0,0,448.99,3,7,240,1,0,0,0,1,0,0,1,1,0,0,0,204.6569107797369
1364,165,105000,1,4,147,74,132,210,260,0,0,0,0,338.76,10,7,280,1,0,0,0,1,0,0,1,0,1,0,0,214.14370730564596
1365,166,40000,1,4,147,74,132,210,260,0,0,0,0,305.81,18,7,280,1,0,0,0,1,0,0,1,0,1,0,0,240.6365761766796
1366,167,100000,1,3,147,74,92,320,370,0,0,0,0,308.01,18,7,270,1,0,0,0,1,0,1,0,1,0,0,0,248.92902489118296
1367,168,40000,1,4,147,74,132,210,260,0,0,0,0,400.05,22,7,280,1,0,0,0,1,0,1,0,1,0,0,0,240.7762625797581
1368,169,50000,1,4,147,74,132,140,190,0,0,0,0,420.33,23,7,280,1,0,0,0,1,0,1,0,1,0,0,0,264.5469327252274
1369,170,55000,1,3,147,74,92,210,260,0,0,0,0,378.8,18,7,270,1,0,0,0,1,0,0,1,0,1,0,0,336.37584822462736
1370,171,70000,1,5,147,74,122,210,260,0,0,0,0,426.9,11,7,250,1,0,0,0,1,0,1,0,1,0,0,0,263.1630481583144
1371,172,50000,1,4,147,74,132,180,230,0,0,0,0,473.33,10,7,280,1,0,0,0,1,0,0,1,1,0,0,0,241.09676193418505
1372,173,80000,1,4,147,74,132,210,260,0,0,0,0,531.51,18,7,280,1,0,0,0,1,0,0,1,0,1,0,0,212.93328989397423
1373,174,80000,1,5,147,74,132,210,260,0,0,0,0,527.39,16,7,250,1,0,0,0,1,0,1,0,1,0,0,0,238.6903434187334
1374,175,80000,1,6,147,74,122,190,240,0,0,0,0,463.04,4,7,300,1,0,0,0,1,0,0,1,1,0,0,0,309.11906734134084
1375,176,80000,1,3,147,74,132,210,260,0,0,0,0,488.07,26,7,240,1,0,0,0,1,0,1,0,0,1,0,0,210.85582720171988
1376,177,80000,1,4,147,74,120,210,260,0,0,0,0,474.22,15,7,280,1,0,0,0,1,0,0,1,0,1,0,0,239.12718787984488
1377,178,80000,1,4,147,74,120,400,450,0,0,0,0,469.3,24,7,280,1,0,0,0,1,0,0,1,1,0,0,0,199.79110729234827
1378,179,80000,1,5,147,74,130,210,260,0,0,0,0,470.34,17,7,250,1,0,0,0,1,0,1,0,0,1,0,0,240.78728736722445
1379,180,80000,1,3,147,74,50,120,170,0,0,0,0,405.81,9,7,300,1,0,0,0,1,0,1,0,1,0,0,0,346.5252519235105
1380,181,80000,1,4,147,74,90,280,330,0,0,0,0,379.33,16,7,320,1,0,0,0,1,0,1,0,1,0,0,0,319.4986123622039
1381,182,50000,1,4,147,74,90,120,170,0,0,0,0,323.36,12,7,320,1,0,0,0,1,0,0,1,0,1,0,0,358.41843995415934
1382,183,60000,1,3,147,74,90,120,170,0,0,0,0,373.55,9,7,270,1,0,0,0,1,0,1,0,1,0,0,0,317.61196739161323
1383,184,50000,1,4,147,74,55,165,210,0,0,0,0,268.75,9,7,400,1,0,0,0,1,0,1,0,0,1,0,0,392.2410240552292
1384,185,70000,1,5,147,74,130,380,430,0,0,0,0,342.38,2,7,300,1,0,0,1,0,0,1,0,0,1,0,0,264.74646015525946
1385,186,95000,1,5,147,74,130,165,210,0,0,0,0,297.26,6,7,300,1,0,0,1,0,0,1,0,0,1,0,0,266.2248053733331
1386,187,95000,1,6,147,74,130,120,170,0,0,0,1,231.68,8,7,360,1,0,0,0,1,0,0,1,0,1,0,0,292.49987453844955
1387,188,65000,1,5,147,74,120,165,210,0,0,0,0,237.2,0,7,300,1,0,0,0,1,0,1,0,0,1,0,0,284.0925679146297
1388,189,45000,1,3,147,74,20,280,330,0,0,0,0,186.42,6,7,480,1,0,0,0,1,0,1,0,0,1,0,0,453.3654914910443
1389,190,40000,1,4,147,74,20,360,410,0,0,0,0,72.57,3,7,600,1,0,0,0,1,0,1,0,1,0,0,0,595.2126010162307
1390,191,55000,1,3,147,74,13,450,500,0,0,0,0,112.72,3,7,540,1,0,0,1,0,0,1,0,1,0,0,0,597.1764345527048
1391,192,55000,1,3,147,74,13,450,500,0,0,0,0,159.14,6,7,540,1,0,0,0,1,0,0,1,1,0,0,0,589.8135691584584
1392,193,85000,1,6,147,74,50,165,210,0,0,0,0,196.45,4,7,540,1,0,0,0,1,0,0,1,1,0,0,0,540.2406320365579
1393,194,90000,1,5,147,74,40,210,260,0,0,0,0,222.3,9,7,500,1,0,0,0,1,0,0,1,1,0,0,0,513.1629329808118
1394,195,60000,1,3,147,74,13,280,330,0,0,0,0,128.72,1,7,570,1,0,0,1,0,0,0,1,0,1,0,0,507.0383652669804
1395,196,100000,1,4,147,74,35,285,330,0,0,0,0,306.37,15,7,520,1,0,0,1,0,0,1,0,0,1,0,0,512.4229464986595
1396,197,100000,1,6,147,74,40,210,260,0,0,0,0,196.6,3,7,600,1,0,0,1,0,0,0,1,0,1,0,0,625.8174719679206
1397,198,40000,1,4,147,74,30,330,380,0,0,0,0,211.02,2,7,560,1,0,0,0,1,0,0,1,0,1,0,0,538.6972319788497
1398,199,50000,1,3,147,74,13,480,300,0,0,0,0,192.63,4,7,570,1,0,0,0,1,0,1,0,1,0,0,0,545.1821054564573
1399,200,75000,1,4,147,74,30,330,380,0,0,0,0,230.85,2,7,560,1,0,0,0,1,0,0,1,0,1,0,0,540.19341905677
1400,201,95000,1,6,246,75,40,285,330,0,0,0,0,101.84,0,7,720,1,0,0,0,1,0,1,0,0,1,0,0,669.0702612438935
1401,202,55000,1,3,246,75,13,570,280,0,0,0,0,138.64,2,7,630,1,0,0,0,1,0,0,1,0,1,0,0,612.6505609163244
1402,203,65000,1,4,246,75,13,480,300,0,0,0,0,105.08,1,7,720,1,0,0,0,1,0,1,0,0,1,0,0,674.4412536958424
1403,204,105000,1,3,246,75,5,720,380,0,0,0,0,72.84,0,7,750,1,0,0,1,0,0,0,1,1,0,0,0,805.103459521871
1404,205,65000,1,5,246,75,20,300,350,0,0,0,0,87.14,1,7,750,0,1,0,1,0,0,0,1,0,1,0,0,639.3240544145398
1405,206,60000,1,3,246,75,13,600,450,0,0,0,0,113.88,4,7,660,0,1,0,0,1,0,1,0,1,0,0,0,648.2895071636584
1406,207,75000,1,4,246,75,20,450,500,0,0,0,0,137.06,2,7,680,1,0,0,1,0,0,0,1,1,0,0,0,602.461887681981
1407,208,105000,1,4,246,75,20,380,430,0,0,0,0,132.09,4,7,680,0,1,0,1,0,0,0,1,0,1,0,0,612.767811046202
1408,209,45000,1,3,246,75,5,765,280,0,0,0,0,55.07,3,7,780,1,0,0,1,0,0,0,1,0,1,0,0,766.5090117274383
1409,210,80000,1,4,246,75,5,525,480,0,0,0,0,85.29,4,7,760,1,0,0,0,1,0,1,0,1,0,0,0,765.5182654376393
1410,211,80000,1,4,246,75,5,600,450,0,0,0,0,27.07,1,7,840,1,0,0,1,0,0,1,0,0,1,0,0,798.8019343966124
1411,212,95000,1,6,246,75,54,165,210,0,0,0,0,146.49,2,7,540,1,0,0,0,1,0,1,0,0,1,0,0,500.35443794120977
1412,213,85000,1,6,246,75,54,270,320,0,0,0,0,131.61,2,7,540,1,0,0,0,1,0,0,1,1,0,0,0,561.9351169885871
1413,214,40000,1,4,246,75,44,240,290,0,0,0,0,152.63,1,7,480,1,0,0,1,0,0,0,1,0,1,0,0,406.56438602538196
1414,215,100000,1,4,246,75,34,310,360,0,0,0,1,76.69,1,7,600,1,0,0,1,0,0,1,0,1,0,0,0,517.1236142117709
1415,216,95000,1,6,246,75,45,210,260,0,0,0,0,105.72,2,7,600,1,0,0,1,0,0,1,0,1,0,0,0,593.2855675966308
1416,217,95000,1,6,246,75,45,380,430,0,0,0,0,90.44,2,7,600,1,0,0,1,0,0,0,1,1,0,0,0,620.6932179909758
1417,218,95000,1,6,246,75,44,285,330,0,0,0,0,39.66,0,7,720,1,0,0,1,0,0,0,1,0,1,0,0,648.5996181407447
1418,219,95000,1,4,246,75,13,450,500,0,0,0,0,79.4,2,7,680,1,0,0,1,0,0,0,1,1,0,0,0,663.8877038193971
1419,220,95000,1,6,246,75,54,165,210,0,0,0,0,118.98,1,7,540,1,0,0,0,1,0,0,1,0,1,0,0,502.8154301716548
1420,221,95000,1,4,246,75,44,240,290,0,0,0,0,144.81,0,7,480,1,0,0,1,0,0,0,1,1,0,0,0,426.79039657604443
1421,222,50000,1,4,246,75,25,360,410,0,0,0,0,85.98,3,7,600,1,0,0,1,0,0,0,1,1,0,0,0,565.7537857865791
1422,223,75000,1,4,246,75,13,525,480,0,0,0,0,35.47,1,7,760,1,0,0,1,0,0,1,0,1,0,0,0,697.7803145782264
1423,224,80000,1,4,246,75,35,285,330,0,0,0,0,105.39,3,7,520,1,0,0,0,1,0,0,1,0,1,0,0,471.2589721806911
1424,225,75000,1,4,246,75,5,570,280,0,0,0,0,55.11,0,7,800,1,0,0,0,1,0,0,1,0,1,0,0,780.3271937170116
1425,226,80000,1,4,246,75,34,330,380,0,0,0,0,104.04,0,7,560,1,0,0,0,1,0,0,1,1,0,0,0,514.3978875185143
1426,227,80000,1,6,246,75,54,165,210,0,0,0,0,150.88,4,7,540,1,0,0,1,0,0,0,1,1,0,0,0,509.7002087568676
1427,228,80000,1,4,246,75,44,300,350,0,0,0,0,188.67,5,7,520,1,0,0,0,1,0,0,1,1,0,0,0,459.0194047393311
1428,229,100000,1,3,246,75,24,360,410,0,0,0,0,107.45,0,7,480,1,0,0,0,1,0,1,0,1,0,0,0,500.3927434131123
1429,230,55000,1,3,246,75,24,360,410,0,0,0,0,156.85,2,7,480,1,0,0,1,0,0,1,0,1,0,0,0,471.41679911719314
1430,231,60000,1,3,246,75,13,480,300,0,0,0,0,78.11,1,7,570,1,0,0,0,1,0,0,1,0,1,0,0,560.0494785292459
1431,232,50000,1,4,246,75,34,330,380,0,0,0,0,118.6,3,7,560,1,0,0,0,1,0,0,1,0,1,0,0,501.1903182246709
1432,233,45000,1,3,246,75,5,690,500,0,0,0,0,42.38,2,7,720,1,0,0,0,1,0,0,1,0,0,0,1,732.6879708235253
1433,234,95000,1,6,246,75,54,320,370,0,0,0,0,100.9,4,7,540,1,0,0,0,1,0,1,0,1,0,0,0,561.7941893078505
1434,235,50000,1,3,246,75,13,480,300,0,0,0,0,66.73,2,7,570,0,1,0,1,0,0,1,0,1,0,0,0,549.332749782885
1435,236,65000,1,5,246,75,48,210,260,0,0,0,0,172.24,4,7,500,1,0,0,0,1,0,1,0,0,1,0,0,456.1692969932361
1436,237,90000,1,6,246,75,84,165,210,0,0,0,0,201.09,7,7,540,1,0,0,0,1,0,1,0,1,0,0,0,430.45406788765604
1437,238,90000,1,6,246,75,64,200,250,0,0,0,0,234.88,6,7,480,0,1,0,0,1,0,1,0,0,1,0,0,503.15133157362334
1438,239,55000,1,3,246,75,34,330,380,0,0,0,0,223.29,7,7,450,1,0,0,0,1,0,0,1,1,0,0,0,422.91293414942504
1439,240,105000,1,3,246,75,38,285,330,0,0,0,0,251.73,10,7,420,0,1,0,0,1,0,1,0,0,1,0,0,408.3932469804079
1440,241,55000,1,3,246,75,44,220,270,0,0,0,0,304.38,17,7,420,1,0,0,0,1,0,1,0,1,0,0,0,343.7180607125171
1441,242,105000,1,6,246,75,94,285,330,0,0,0,0,367.9,14,7,420,1,0,0,0,1,0,1,0,1,0,0,0,362.06413610590863
1442,243,95000,1,6,246,75,94,285,330,0,0,0,0,369.86,18,7,420,1,0,0,0,1,0,1,0,0,1,0,0,361.00790951255067
1443,244,100000,1,3,246,75,84,270,320,0,0,0,0,438.77,15,7,330,0,1,0,0,1,0,1,0,0,1,0,0,262.0228018538522
1444,245,90000,1,6,246,75,134,165,210,0,0,0,0,446.23,0,7,360,0,1,0,0,1,0,1,0,0,1,0,0,293.3132208125083
1445,246,70000,1,5,246,75,113,165,210,0,0,0,0,378.76,2,7,300,1,0,0,0,1,0,0,1,1,0,0,0,312.3098260576181
1446,247,100000,1,2,246,75,84,320,370,0,0,0,0,462.39,22,7,260,0,1,0,0,1,0,0,1,0,1,0,0,231.3142260892787
1447,248,60000,1,3,246,75,64,120,170,0,0,0,0,421.35,19,7,300,0,1,0,0,1,0,1,0,1,0,0,0,279.6088329698225
1448,249,100000,1,4,246,75,134,210,260,0,0,0,1,463.04,23,7,280,1,0,0,0,1,0,0,1,1,0,0,0,209.77540925034975
1449,250,45000,1,3,246,75,94,120,170,0,0,0,0,473.06,18,7,270,1,0,0,0,1,0,1,0,0,1,0,0,279.9811737929855
1450,251,70000,1,6,246,75,124,410,460,0,0,0,0,544.23,22,7,300,1,0,0,0,1,0,1,0,0,1,0,0,283.934268882658
1451,252,45000,1,3,246,75,134,120,170,0,0,0,0,527.8,19,7,240,0,1,0,0,1,0,0,1,0,1,0,0,259.18530517497436
1452,253,95000,1,6,246,75,124,120,170,0,0,0,0,374.88,2,7,300,0,1,0,0,1,0,1,0,0,1,0,0,322.0681248511775
1453,254,65000,1,5,246,75,134,120,170,0,0,0,0,365.0,0,7,300,1,0,0,0,1,0,1,0,1,0,0,0,313.3966785247246
1454,255,90000,1,6,246,75,124,120,170,0,0,0,0,440.65,3,7,300,0,1,0,0,1,0,1,0,0,1,0,0,307.1174316452845
1455,256,90000,1,6,246,75,124,120,170,0,0,0,0,509.4,3,7,300,0,1,0,0,1,0,0,1,0,1,0,0,292.32688156881665
1456,257,90000,1,4,246,75,134,120,170,0,0,0,0,578.28,8,7,280,0,1,0,0,1,0,0,1,0,1,0,0,229.3955565879637
1457,258,90000,1,6,246,75,124,120,170,0,0,0,0,598.07,3,7,300,0,1,0,0,1,0,1,0,0,1,0,0,275.225000996784
1458,259,90000,1,5,246,75,124,120,170,0,0,0,0,541.94,28,7,250,1,0,0,0,1,0,0,1,0,1,0,0,228.23593428231305
1459,260,90000,1,6,246,75,134,120,170,0,0,0,0,537.82,9,7,300,0,1,0,0,1,0,0,1,0,1,0,0,267.1372692282557
1460,261,70000,1,5,246,75,94,90,140,0,0,0,0,419.44,13,7,350,0,1,0,0,1,0,1,0,1,0,0,0,320.0564539873809
1461,262,60000,1,5,246,75,134,90,140,0,0,0,0,467.74,27,7,300,1,0,0,0,1,0,0,1,0,1,0,0,266.31845284672477
1462,263,65000,1,5,246,75,134,90,140,0,0,0,0,465.28,30,7,300,0,1,0,0,1,0,1,0,0,1,0,0,258.6037219368417
1463,264,80000,1,4,246,75,134,90,140,0,0,0,0,496.23,28,7,280,0,1,0,0,1,0,0,1,0,1,0,0,241.32793246731012
1464,265,55000,1,3,246,75,134,90,140,0,0,0,0,578.36,35,7,240,0,1,0,0,1,0,0,1,1,0,0,0,246.25489519473888
1465,266,80000,1,4,246,75,134,90,140,0,0,0,0,578.02,21,7,280,0,1,0,0,1,0,1,0,0,0,0,1,228.40889957517282
1466,267,80000,1,6,246,75,134,90,140,0,0,0,0,548.89,15,7,300,1,0,0,0,1,0,1,0,1,0,0,0,268.1434188276759
1467,268,80000,1,3,246,75,134,90,140,0,0,0,0,569.17,13,7,240,0,1,0,0,1,0,1,0,0,1,0,0,249.68364473222067
1468,269,80000,1,3,246,75,84,120,170,0,0,0,0,405.76,11,7,300,1,0,0,0,1,0,1,0,1,0,0,0,289.42883144541395
1469,270,80000,1,4,246,75,94,120,170,0,0,0,0,380.87,10,7,320,1,0,0,0,1,0,1,0,0,1,0,0,309.0270770996782
1470,271,65000,1,5,246,75,94,120,170,0,0,0,0,351.37,6,7,350,1,0,0,0,1,0,1,0,1,0,0,0,345.6124502111576
1471,272,45000,1,3,246,75,84,165,210,0,0,0,0,405.94,8,7,330,0,1,0,0,1,0,1,0,0,1,0,0,300.03101285076207
1472,273,50000,1,4,246,75,84,165,210,0,0,0,0,431.0,9,7,400,0,1,0,0,1,0,0,1,0,1,0,0,318.61296762602353
1473,274,40000,1,4,246,75,88,165,210,0,0,0,0,414.42,8,7,400,1,0,0,0,1,0,1,0,0,1,0,0,324.5208882394224
1474,275,85000,1,6,246,75,94,165,210,0,0,0,0,430.59,8,7,420,0,1,0,0,1,0,1,0,1,0,0,0,361.1237719758934
1475,276,105000,1,6,246,75,94,165,210,0,0,0,1,475.84,10,7,420,1,0,0,0,1,0,0,1,1,0,0,0,355.6985646641373
1476,277,75000,1,4,246,75,84,120,170,0,0,0,0,509.01,6,7,360,1,0,0,0,1,0,0,1,1,0,0,0,300.61237172764277
1477,278,85000,1,6,246,75,134,120,170,0,0,0,0,576.85,4,7,360,0,1,0,0,1,0,1,0,0,1,0,0,268.3275801720665
1478,279,65000,1,5,246,75,134,120,170,0,0,0,0,606.85,36,7,300,1,0,0,0,1,0,0,1,0,1,0,0,217.93605315194486
1479,280,70000,1,5,246,75,134,120,170,0,0,0,0,597.34,1,7,300,1,0,0,0,1,0,0,1,0,1,0,0,256.51964629428585
1480,281,55000,1,3,246,75,84,120,170,0,0,0,0,588.59,37,7,300,1,0,0,0,1,0,0,1,0,1,0,0,267.2033002016361
1481,282,55000,1,4,246,75,88,120,170,0,0,0,0,534.18,31,7,360,1,0,0,0,1,0,1,0,1,0,0,0,293.18732594574055
1482,283,55000,1,3,246,75,88,165,210,0,0,0,0,353.01,5,7,330,1,0,0,0,1,0,0,1,1,0,0,0,312.73043413129585
1483,284,55000,1,6,246,75,98,165,210,0,0,0,0,469.66,21,7,420,0,1,0,0,1,0,1,0,1,0,0,0,362.7294447693659
1484,285,55000,1,4,246,75,98,165,210,0,0,0,0,393.91,12,7,320,0,1,0,0,1,0,0,1,1,0,0,0,296.0759664334159
1485,286,55000,1,6,246,75,98,165,210,0,0,0,0,317.62,11,7,420,1,0,0,0,1,0,1,0,1,0,0,0,381.5244851713395
1486,287,55000,1,6,246,75,74,210,260,0,0,0,0,223.62,10,7,600,1,0,0,0,1,0,1,0,0,1,0,0,460.64821183344725
1487,288,70000,1,5,246,75,64,240,290,0,0,0,0,178.75,11,7,550,0,1,0,0,1,0,0,1,1,0,0,0,440.6126913792675
1488,289,100000,1,3,246,75,13,480,300,0,0,0,0,242.92,14,7,570,0,1,0,0,1,0,0,1,1,0,0,0,551.4311915968494
1489,290,40000,1,4,246,75,8,570,280,0,0,0,0,47.76,2,7,800,1,0,0,0,1,0,1,0,1,0,0,0,750.0104562936868
1490,291,60000,1,3,246,75,13,450,500,0,0,0,0,131.19,12,7,540,1,0,0,0,1,0,1,0,0,1,0,0,554.6232632715847
1491,292,75000,1,4,246,75,34,330,380,0,0,0,0,145.66,10,7,560,1,0,0,0,1,0,0,1,0,1,0,0,502.14707112374566
1492,293,90000,1,6,246,75,84,165,210,0,0,0,0,188.32,20,7,540,1,0,0,0,1,0,0,1,0,1,0,0,432.9625547385888
1493,294,60000,1,3,246,75,8,480,300,0,0,0,0,284.86,16,7,570,1,0,0,0,1,0,1,0,0,1,0,0,549.0937958605962
1494,295,105000,1,6,246,75,94,480,300,0,0,0,0,458.75,30,7,420,1,0,0,0,1,0,1,0,0,1,0,0,378.7845638667843
1495,296,40000,1,4,246,75,94,480,300,0,0,0,0,564.72,38,7,320,1,0,0,0,1,0,1,0,1,0,0,0,291.38264871039826
1496,297,85000,1,6,246,75,98,480,300,0,0,0,0,489.34,35,7,420,1,0,0,0,1,0,0,1,0,0,0,1,359.89370154479394
1497,298,45000,1,3,246,75,74,210,260,0,0,0,0,409.46,27,7,360,1,0,0,0,1,0,1,0,0,1,0,0,322.3756716067596
1498,299,65000,1,4,246,75,94,210,260,0,0,0,0,525.76,23,7,320,1,0,0,0,1,0,1,0,0,1,0,0,265.6630067535491
1499,300,45000,1,3,246,75,74,210,260,0,0,0,0,429.38,9,7,360,1,0,0,0,1,0,0,1,0,1,0,0,312.77967456468156
1500,301,100000,1,4,306,79,84,165,210,0,0,0,0,192.46,2,7,400,1,0,0,0,1,0,1,0,0,1,0,0,335.7166127755802
1501,302,100000,1,5,306,79,44,210,260,0,0,0,0,222.27,3,7,500,1,0,0,0,1,0,1,0,1,0,0,0,429.74125210039307
1502,303,100000,1,3,306,79,24,360,410,0,0,0,0,264.75,4,7,480,1,0,0,0,1,0,1,0,0,1,0,0,428.68514370776836
1503,304,100000,1,4,306,79,64,240,290,0,0,0,0,283.44,4,7,480,1,0,0,0,1,0,0,1,0,1,0,0,356.535744422731
1504,305,100000,1,4,306,79,64,240,290,0,0,0,0,269.03,4,7,480,1,0,0,0,1,0,1,0,0,1,0,0,358.10502856943043
1505,306,100000,1,6,306,79,74,210,260,0,0,0,0,239.04,4,7,600,1,0,0,0,1,0,1,0,0,1,0,0,455.08673258422334
1506,307,100000,1,3,306,79,8,525,480,0,0,0,0,179.36,3,7,600,1,0,0,0,1,0,0,1,1,0,0,0,587.1008278518539
1507,308,70000,1,5,306,79,28,330,380,0,0,0,0,147.41,3,7,650,1,0,0,0,1,0,0,1,1,0,0,0,588.1305775694248
1508,309,65000,1,5,306,79,28,285,330,0,0,0,0,183.85,3,7,600,1,0,0,0,1,0,1,0,0,1,0,0,532.2463915404226
1509,310,105000,1,4,306,79,28,360,410,0,0,0,0,216.09,4,7,600,1,0,0,0,1,0,0,1,1,0,0,0,515.6425345226495
1510,311,100000,1,3,306,79,13,450,500,0,0,0,0,114.04,2,7,540,1,0,0,1,0,0,1,0,1,0,0,0,571.8925281009504
1511,312,65000,1,5,306,79,13,450,500,0,0,0,0,73.16,1,7,800,1,0,0,0,1,0,0,1,1,0,0,0,720.2908258523781
1512,313,70000,1,5,306,79,44,240,290,0,0,0,0,114.74,2,7,550,1,0,0,1,0,0,0,1,0,1,0,0,494.5745017132307
1513,314,90000,1,6,306,79,48,210,260,0,0,0,0,152.21,4,7,600,1,0,0,0,1,0,1,0,1,0,0,0,531.2384013730427
1514,315,70000,1,5,306,79,84,120,170,0,0,0,0,208.63,4,7,400,0,1,0,0,1,0,0,1,1,0,0,0,313.49245240097923
1515,316,90000,1,6,306,79,44,240,290,0,0,0,0,147.33,3,7,660,1,0,0,0,1,0,0,1,1,0,0,0,572.988046360047
1516,317,45000,1,3,306,79,8,765,280,0,0,0,0,57.28,2,7,780,0,1,0,1,0,0,1,0,0,1,0,0,736.2281110994543
1517,318,60000,1,3,306,79,13,450,500,0,0,0,0,110.26,1,7,540,1,0,0,1,0,0,1,0,1,0,0,0,563.1992768643618
1518,319,40000,1,4,306,79,13,405,450,0,0,0,0,154.15,3,7,640,1,0,0,0,1,0,0,1,0,1,0,0,579.4689192879889
1519,320,40000,1,4,306,79,13,405,450,0,0,0,0,196.76,4,7,640,0,1,0,0,1,0,0,1,1,0,0,0,572.6813742922922
1520,321,105000,1,3,306,79,8,525,480,0,0,0,0,190.08,4,7,600,0,1,0,0,1,0,0,1,1,0,0,0,583.9366792349055
1521,322,100000,1,2,306,79,8,840,550,0,0,0,0,183.97,0,7,600,0,1,0,0,1,0,0,1,1,0,0,0,613.313415157521
1522,323,100000,1,6,306,79,24,360,410,0,0,0,0,60.0,1,7,840,1,0,0,0,1,0,1,0,1,0,0,0,746.7346171969887
1523,324,100000,1,3,306,79,8,525,480,0,0,0,0,164.91,3,7,600,1,0,0,0,1,0,0,1,0,1,0,0,588.626110159254
1524,325,100000,1,3,306,79,84,210,260,0,0,0,0,193.76,3,7,360,0,1,0,0,1,0,0,1,0,1,0,0,325.9307778696717
1525,326,100000,1,6,306,79,94,210,260,0,0,0,0,229.71,3,7,420,0,1,0,0,1,0,0,1,0,1,0,0,382.2658805025595
1526,327,100000,1,5,306,79,98,210,260,0,0,0,0,244.77,5,7,350,0,1,0,0,1,0,0,1,1,0,0,0,326.33523616924333
1527,328,100000,1,4,306,79,134,210,260,0,0,0,0,280.49,5,7,320,1,0,0,0,1,0,1,0,1,0,0,0,242.17736662949096
1528,329,45000,1,6,306,79,134,210,260,0,0,0,0,226.08,0,7,360,1,0,0,0,1,0,1,0,1,0,0,0,331.721584660105
1529,330,60000,1,3,306,79,84,210,260,0,0,0,0,208.21,3,7,360,1,0,0,1,0,0,1,0,0,1,0,0,282.01538483796605
1530,331,80000,1,4,306,79,74,120,170,0,0,0,0,227.73,4,7,360,1,0,0,0,1,0,1,0,0,1,0,0,263.867450358142
1531,332,105000,1,4,306,79,84,120,170,0,0,0,0,263.29,2,7,360,0,1,0,1,0,0,1,0,1,0,0,0,272.9902589154106
1532,333,70000,1,5,306,79,134,120,170,0,0,0,0,295.58,7,7,300,1,0,0,0,1,0,0,1,0,1,0,0,269.71305720601094
1533,334,75000,1,4,306,79,84,120,170,0,0,0,0,258.31,8,7,360,0,1,0,0,1,0,0,1,1,0,0,0,260.8526306502255
1534,335,75000,1,4,306,79,84,120,170,0,0,0,0,217.61,6,7,360,0,1,0,1,0,0,0,1,1,0,0,0,261.6969800318942
1535,336,75000,1,4,306,79,34,330,380,0,0,0,0,112.01,5,7,560,0,1,0,0,1,0,0,1,0,1,0,0,474.5374946491311
1536,337,60000,1,3,306,79,13,450,500,0,0,0,0,106.78,3,7,540,0,1,0,1,0,0,1,0,0,1,0,0,558.9333869915002
1537,338,65000,1,5,306,79,34,285,330,0,0,0,0,62.43,2,7,600,1,0,0,1,0,0,1,0,0,1,0,0,567.152009551092
1538,339,50000,1,4,306,79,13,405,450,0,0,0,0,68.25,3,7,640,0,1,0,0,1,0,1,0,1,0,0,0,594.5251024676547
1539,340,50000,1,5,306,79,34,285,330,0,0,0,0,117.72,4,7,600,0,1,0,1,0,0,0,1,0,1,0,0,548.3484568709528
1540,341,50000,1,3,306,79,13,450,500,0,0,0,0,150.76,4,7,540,0,1,0,0,1,0,0,1,1,0,0,0,526.451271380543
1541,342,50000,1,4,306,79,44,285,330,0,0,0,0,187.24,4,7,520,1,0,0,1,0,0,1,0,0,1,0,0,417.2520355083113
1542,343,50000,1,6,306,79,84,165,210,0,0,0,0,196.98,1,7,540,1,0,0,1,0,0,1,0,1,0,0,0,435.2235205273121
1543,344,50000,1,5,306,79,44,240,290,0,0,0,0,151.79,4,7,550,0,1,0,1,0,0,1,0,1,0,0,0,478.0341560987685
1544,345,50000,1,3,306,79,8,525,480,0,0,0,0,52.17,2,7,600,0,1,0,0,1,0,0,1,0,1,0,0,600.5571452041199
1545,346,50000,1,4,306,79,34,330,380,0,0,0,0,109.81,1,7,560,1,0,0,1,0,0,0,1,0,1,0,0,506.3407978304873
1546,347,50000,1,5,306,79,44,240,290,0,0,0,0,145.99,3,7,550,0,1,0,1,0,0,1,0,0,1,0,0,481.3532166883268
1547,348,70000,1,4,306,79,24,360,410,0,0,0,0,97.02,2,7,600,1,0,0,0,1,0,0,1,0,1,0,0,530.6360999843974
1548,349,75000,1,4,306,79,24,360,410,0,0,0,0,76.22,0,7,600,0,1,0,1,0,0,0,1,0,1,0,0,570.5540750300249
1549,350,90000,1,6,306,79,44,240,290,0,0,0,0,71.81,2,7,660,1,0,0,0,1,0,1,0,1,0,0,0,584.5458058893925
1550,351,70000,1,5,306,79,44,285,330,0,0,0,0,61.2,1,7,600,0,1,0,0,1,0,1,0,1,0,0,0,521.1075785788577
1551,352,75000,1,4,306,79,34,330,380,0,0,0,0,125.25,2,7,560,0,1,0,1,0,0,0,1,1,0,0,0,507.4152242990213
1552,353,100000,1,3,306,79,64,120,170,0,0,0,0,293.9,5,7,300,1,0,0,0,1,0,1,0,0,1,0,0,235.1126883930072
1553,354,70000,1,5,306,79,134,120,170,0,0,0,0,340.3,5,7,300,1,0,0,0,1,0,0,1,1,0,0,0,263.4936210692352
1554,355,80000,1,6,306,79,134,120,170,0,0,0,0,267.37,4,7,360,0,1,0,0,1,0,1,0,0,1,0,0,306.6879289636571
1555,356,95000,1,6,306,79,134,120,170,0,0,0,0,296.45,5,7,360,0,1,0,0,1,0,1,0,0,1,0,0,297.7844811459708
1556,357,90000,1,6,306,79,134,120,170,0,0,0,0,328.4,6,7,300,0,1,0,0,1,0,0,1,1,0,0,0,289.5046575855854
1557,358,40000,1,4,306,79,94,120,170,0,0,0,0,271.15,4,7,320,1,0,0,0,1,0,0,1,1,0,0,0,276.4983285080528
1558,359,55000,1,3,306,79,84,120,170,0,0,0,0,260.71,4,7,300,0,1,0,0,1,0,0,1,0,1,0,0,241.0372707276575
1559,360,100000,1,3,306,79,94,90,140,0,0,0,0,327.27,7,7,270,0,1,0,0,1,0,1,0,0,1,0,0,240.49574486658207
1560,361,85000,1,6,306,79,134,90,140,0,0,0,0,291.29,6,7,360,1,0,0,0,1,0,1,0,1,0,0,0,298.67796386180885
1561,362,105000,1,6,306,79,124,90,140,0,0,0,0,339.84,8,7,300,0,1,0,0,1,0,1,0,1,0,0,0,298.49529278847035
1562,363,100000,1,6,306,79,124,90,140,0,0,0,0,306.22,6,7,300,1,0,0,0,1,0,1,0,1,0,0,0,308.57200024098375
1563,364,100000,1,5,306,79,134,90,140,0,0,0,0,268.07,5,7,300,1,0,0,0,1,0,0,1,0,0,0,1,285.80239110517743
1564,365,100000,1,6,306,79,134,90,140,0,0,0,0,355.76,7,7,300,1,0,0,0,1,0,1,0,0,1,0,0,282.6793400909884
1565,366,100000,1,3,306,79,124,90,140,0,0,0,0,310.04,7,7,240,1,0,0,0,1,0,1,0,0,1,0,0,272.56706704469866
1566,367,100000,1,5,306,79,144,90,140,0,0,0,0,357.58,7,7,250,1,0,0,0,1,0,0,1,0,1,0,0,249.06669571145818
1567,368,100000,1,6,306,79,134,90,140,0,0,0,0,306.79,10,7,300,1,0,0,0,1,0,0,1,0,1,0,0,288.7037155330811
1568,369,80000,1,5,306,79,144,90,140,0,0,0,0,356.72,11,7,250,1,0,0,0,1,0,1,0,0,1,0,0,240.9391612253778
1569,370,65000,1,5,306,79,134,90,140,0,0,0,0,244.0,3,7,300,0,1,0,1,0,0,1,0,1,0,0,0,266.76854225261343
1570,371,80000,1,4,306,79,34,330,380,0,0,0,0,183.17,4,7,560,1,0,0,0,1,0,0,1,0,1,0,0,467.8918518082344
1571,372,60000,1,3,306,79,84,120,170,0,0,0,0,237.61,5,7,300,1,0,0,1,0,0,0,1,0,1,0,0,244.19204620257366
1572,373,60000,1,3,306,79,18,405,450,0,0,0,0,157.43,4,7,510,1,0,0,1,0,0,0,1,1,0,0,0,497.2635746396344
1573,374,60000,1,4,306,79,28,330,380,0,0,0,0,203.97,3,7,560,1,0,0,1,0,0,0,1,0,1,0,0,495.54554092852527
1574,375,60000,1,4,306,79,28,330,380,0,0,0,0,136.36,1,7,560,1,0,0,1,0,0,1,0,0,0,0,1,512.971920431166
1575,376,70000,1,5,306,79,24,360,410,0,0,0,0,45.04,1,7,700,1,0,0,1,0,0,0,1,1,0,0,0,675.7247997045175
1576,377,50000,1,4,306,79,13,480,300,0,0,0,0,47.68,2,7,720,1,0,0,1,0,0,1,0,1,0,0,0,628.1788587551812
1577,378,80000,1,4,306,79,24,360,410,0,0,0,0,79.16,0,7,600,0,1,0,1,0,0,1,0,0,1,0,0,571.6853367376214
1578,379,40000,1,4,306,79,34,330,380,0,0,0,0,112.36,1,7,560,1,0,0,1,0,0,1,0,1,0,0,0,503.3495236496269
1579,380,100000,1,4,306,79,38,330,380,0,0,0,1,82.86,0,7,560,0,1,0,1,0,0,0,1,0,1,0,0,516.6331837063182
1580,381,70000,1,5,306,79,48,240,290,0,0,0,0,93.41,3,7,550,0,1,0,1,0,0,1,0,1,0,0,0,490.3177745792136
1581,382,70000,1,4,306,79,13,450,500,0,0,0,0,54.82,0,7,680,1,0,0,1,0,0,1,0,1,0,0,0,662.8223428901013
1582,383,85000,1,6,306,79,44,285,330,0,0,0,0,82.46,2,7,720,1,0,0,1,0,0,0,1,1,0,0,0,656.1296598930028
1583,384,70000,1,5,306,79,34,330,380,0,0,0,0,118.11,2,7,650,1,0,0,1,0,0,1,0,0,1,0,0,609.838238466966
1584,385,95000,1,6,306,79,44,285,330,0,0,0,0,55.58,0,7,720,1,0,0,1,0,0,1,0,1,0,0,0,666.8285418353686
1585,386,65000,1,5,306,79,24,360,410,0,0,0,0,53.54,1,7,700,0,1,0,1,0,0,1,0,0,1,0,0,672.4067117792566
1586,387,65000,1,3,306,79,8,645,400,0,0,0,0,48.84,1,7,690,0,1,0,1,0,0,0,1,0,1,0,0,703.1739868645382
1587,388,65000,1,6,306,79,28,285,330,0,0,0,0,88.2,2,7,720,1,0,0,1,0,0,1,0,0,1,0,0,677.971057184837
1588,389,65000,1,6,306,79,28,285,330,0,0,0,0,42.2,0,7,720,1,0,0,1,0,0,1,0,1,0,0,0,689.1971585497213
1589,390,65000,1,4,306,79,13,450,500,0,0,0,0,38.48,0,7,680,1,0,0,1,0,0,1,0,1,0,0,0,665.9527333797569
1590,391,75000,1,4,306,79,13,480,300,0,0,0,0,47.76,1,7,720,0,1,0,1,0,0,1,0,0,1,0,0,637.0886500785608
1591,392,70000,1,5,306,79,13,450,500,0,0,0,0,15.62,0,7,800,0,1,0,1,0,0,1,0,1,0,0,0,758.6136820722759
1592,393,105000,1,6,306,79,24,360,410,0,0,0,0,23.19,1,7,840,1,0,0,1,0,0,1,0,1,0,0,0,777.0461813874695
1593,394,60000,1,3,306,79,13,645,400,0,0,0,0,46.49,1,7,690,1,0,0,1,0,0,0,1,1,0,0,0,691.4199519035873
1594,395,90000,1,6,306,79,44,285,330,0,0,0,0,65.73,0,7,720,1,0,0,1,0,0,1,0,1,0,0,0,665.4467701031331
1595,396,80000,1,4,306,79,13,480,300,0,0,0,0,52.2,1,7,720,0,1,0,1,0,0,1,0,1,0,0,0,637.933177579296
1596,397,60000,1,4,306,79,13,480,300,0,0,0,0,67.36,1,7,720,1,0,0,1,0,0,0,1,0,1,0,0,629.0902490369658
1597,398,95000,1,6,306,79,44,285,330,0,0,0,0,56.73,0,7,720,0,1,0,1,0,0,1,0,0,1,0,0,666.6431889320087
1598,399,60000,1,3,306,79,8,570,280,0,0,0,0,135.2,2,7,630,1,0,0,1,0,0,1,0,0,1,0,0,577.7449418486524
1599,400,65000,1,5,306,79,34,330,380,0,0,0,0,143.39,3,7,650,1,0,0,1,0,0,1,0,1,0,0,0,601.5170197589512
1600,401,95000,1,6,168,81,48,240,290,0,0,0,0,121.56,3,7,660,0,1,0,1,0,0,0,1,1,0,0,0,661.5222836725613
1601,402,60000,1,3,168,81,8,645,400,0,0,0,0,66.03,2,7,690,0,1,0,1,0,0,1,0,0,1,0,0,710.9236322013115
1602,403,95000,1,6,168,81,48,240,290,0,0,0,0,155.97,5,7,660,1,0,0,1,0,0,0,1,1,0,0,0,648.6667039025718
1603,404,100000,1,3,168,81,8,570,280,0,0,0,0,116.73,3,7,630,0,1,0,1,0,0,1,0,0,1,0,0,666.1938732971602
1604,405,60000,1,3,168,81,8,570,280,0,0,0,0,151.73,2,7,630,0,1,0,1,0,0,0,1,0,1,0,0,631.5179944471602
1605,406,50000,1,4,168,81,13,480,300,0,0,0,0,44.18,3,7,720,1,0,0,1,0,0,1,0,1,0,0,0,688.0820070870593
1606,407,100000,1,2,168,81,8,480,300,0,0,0,0,69.32,1,7,680,1,0,0,1,0,0,1,0,1,0,0,0,636.0308852997689
1607,408,50000,1,4,168,81,8,480,300,0,0,0,0,91.55,2,7,720,1,0,0,1,0,0,1,0,1,0,0,0,695.5513247368381
1608,409,100000,1,4,168,81,13,480,300,0,0,0,0,37.7,0,7,720,0,1,0,1,0,0,1,0,1,0,0,0,712.7560937963779
1609,410,75000,1,4,168,81,13,405,450,0,0,0,0,94.34,3,7,640,0,1,0,1,0,0,0,1,1,0,0,0,667.8359423981963
1610,411,80000,1,6,168,81,48,240,290,0,0,0,0,103.46,2,7,660,1,0,0,1,0,0,0,1,1,0,0,0,676.6567979470335
1611,412,50000,1,4,168,81,13,405,450,0,0,0,0,196.36,2,7,640,1,0,0,0,1,0,1,0,0,1,0,0,669.9103889165258
1612,413,100000,1,3,168,81,13,525,480,0,0,0,0,187.96,6,7,600,1,0,0,0,1,0,0,1,0,1,0,0,625.7481495008021
1613,414,40000,1,4,168,81,24,360,410,0,0,0,0,220.1,1,7,600,0,1,0,0,1,0,0,1,0,1,0,0,625.1443968433914
1614,415,65000,1,5,168,81,34,330,380,0,0,0,0,163.62,0,7,650,1,0,0,0,1,0,1,0,0,1,0,0,671.1151650078792
1615,416,50000,1,4,168,81,24,405,450,0,0,0,0,138.36,3,7,640,1,0,0,0,1,0,0,1,1,0,0,0,651.4970311477555
1616,417,90000,1,6,168,81,88,210,260,0,0,0,0,213.04,2,7,600,1,0,0,0,1,0,0,1,0,1,0,0,578.0528430337743
1617,418,40000,1,4,168,81,20,405,450,0,0,0,0,145.72,2,7,640,1,0,0,0,1,0,0,1,1,0,0,0,666.6724927494881
1618,419,50000,1,4,168,81,30,330,380,0,0,0,0,256.45,2,7,560,1,0,0,0,1,0,1,0,0,1,0,0,578.7073020091077
1619,420,50000,1,4,168,81,20,405,450,0,0,0,0,180.25,2,7,640,1,0,0,0,1,0,0,1,1,0,0,0,657.0463659638029
1620,421,50000,1,4,168,81,20,360,410,0,0,0,0,214.46,1,7,600,0,1,0,0,1,0,0,1,1,0,0,0,626.463534078353
1621,422,50000,1,5,168,81,88,210,260,0,0,0,0,319.04,2,7,500,1,0,0,0,1,0,1,0,0,1,0,0,540.0930885539852
1622,423,50000,1,6,168,81,80,165,210,0,0,0,0,311.67,8,7,540,0,1,0,0,1,0,0,1,0,1,0,0,572.4383750841685
1623,424,50000,1,4,168,81,30,330,380,0,0,0,0,247.03,6,7,560,0,1,0,0,1,0,0,1,1,0,0,0,567.3970303784461
1624,425,95000,1,6,168,81,88,210,260,0,0,0,0,145.5,1,7,600,1,0,0,0,1,0,0,1,0,1,0,0,586.8389251742917
1625,426,65000,1,5,168,81,40,240,290,0,0,0,0,243.13,5,7,550,1,0,0,0,1,0,0,1,1,0,0,0,573.9484369666291
1626,427,95000,1,6,168,81,88,210,260,0,0,0,0,277.12,3,7,600,1,0,0,0,1,0,0,1,0,1,0,0,560.8822706190838
1627,428,100000,1,6,168,81,88,210,260,0,0,0,0,259.28,2,7,600,0,1,0,0,1,0,1,0,0,1,0,0,560.5493195376728
1628,429,100000,1,3,168,81,13,480,300,0,0,0,0,223.83,1,7,570,0,1,0,0,1,0,0,1,0,1,0,0,598.2128256019296
1629,430,100000,1,4,168,81,20,360,410,0,0,0,0,221.54,7,7,600,0,1,0,0,1,0,0,1,0,1,0,0,574.5950486487142
1630,431,100000,1,3,168,81,13,450,500,0,0,0,0,254.95,6,7,540,0,1,0,0,1,0,0,1,1,0,0,0,569.4928514497315
1631,432,100000,1,4,168,81,30,330,380,0,0,0,0,256.85,3,7,560,0,1,0,0,1,0,0,1,0,1,0,0,549.8360806532758
1632,433,60000,1,3,168,81,13,450,500,0,0,0,0,304.61,2,7,540,1,0,0,0,1,0,1,0,1,0,0,0,590.2282266813856
1633,434,70000,1,5,168,81,40,240,290,0,0,0,0,322.06,7,7,550,0,1,0,0,1,0,1,0,1,0,0,0,565.61777029408
1634,435,70000,1,5,168,81,38,240,290,0,0,0,0,318.11,5,7,550,1,0,0,0,1,0,0,1,0,0,0,1,573.7666504836468
1635,436,90000,1,6,168,81,88,210,260,0,0,0,0,320.63,1,7,600,1,0,0,0,1,0,1,0,1,0,0,0,564.4293591044425
1636,437,95000,1,6,168,81,40,240,290,0,0,0,0,256.73,4,7,660,1,0,0,0,1,0,0,1,0,1,0,0,671.0772770595354
1637,438,105000,1,4,168,81,20,405,450,0,0,0,0,260.6,4,7,640,1,0,0,0,1,0,0,1,1,0,0,0,622.7879352066245
1638,439,55000,1,3,168,81,40,450,500,0,0,0,0,318.02,3,7,540,0,1,0,0,1,0,0,1,1,0,0,0,515.7231562693753
1639,440,55000,1,3,168,81,13,450,500,0,0,0,0,301.88,2,7,540,0,1,0,0,1,0,1,0,0,1,0,0,593.9831886556319
1640,441,90000,1,6,168,81,40,240,290,0,0,0,0,234.06,2,7,660,1,0,0,0,1,0,1,0,0,1,0,0,677.1008550611468
1641,442,45000,1,3,168,81,13,525,480,0,0,0,0,234.36,4,7,600,1,0,0,0,1,0,1,0,1,0,0,0,638.1967007549005
1642,443,100000,1,4,168,81,13,525,480,0,0,0,0,132.0,1,7,760,0,1,0,0,1,0,1,0,0,1,0,0,750.4592853913564
1643,444,60000,1,3,168,81,20,405,450,0,0,0,0,206.63,7,7,510,1,0,0,0,1,0,1,0,0,1,0,0,536.7562066209111
1644,445,80000,1,6,168,81,30,330,380,0,0,0,0,138.22,4,7,780,1,0,0,0,1,0,1,0,0,1,0,0,771.3639290082112
1645,446,85000,1,6,168,81,20,360,410,0,0,0,0,80.99,2,7,840,1,0,0,0,1,0,1,0,0,1,0,0,824.1103809258088
1646,447,85000,1,4,168,81,8,600,450,0,0,0,0,26.17,0,7,840,1,0,0,1,0,0,0,1,0,1,0,0,819.5201852171735
1647,448,85000,1,6,168,81,20,360,410,0,0,0,0,109.66,4,7,840,0,1,0,0,1,0,1,0,1,0,0,0,819.6215453168126
1648,449,85000,1,3,168,81,8,690,500,0,0,0,0,174.52,9,7,720,0,1,0,0,1,0,1,0,1,0,0,0,717.3341985448095
1649,450,85000,1,4,168,81,20,405,450,0,0,0,0,255.15,11,7,640,1,0,0,0,1,0,0,1,1,0,0,0,610.9481715393545
1650,451,40000,1,4,168,81,20,405,450,0,0,0,0,297.06,11,7,640,0,1,0,0,1,0,1,0,0,1,0,0,636.7413685356992
1651,452,40000,1,4,168,81,20,405,450,0,0,0,0,276.74,10,7,640,1,0,0,0,0,1,0,1,0,0,1,0,623.6129592585221
1652,453,60000,1,3,168,81,8,525,480,0,0,0,0,261.28,9,7,600,1,0,0,0,1,0,0,1,1,0,0,0,632.3706442766124
1653,454,55000,1,3,168,81,8,600,450,0,0,0,0,209.29,8,7,660,0,1,0,0,1,0,0,1,1,0,0,0,684.0576940255269
1654,455,95000,1,6,168,81,40,285,330,0,0,0,0,238.03,6,7,720,1,0,0,0,1,0,1,0,1,0,0,0,701.8817309495467
1655,456,95000,1,6,168,81,30,330,380,0,0,0,0,160.65,8,7,780,1,0,0,0,1,0,1,0,1,0,0,0,756.3958292396874
1656,457,95000,1,4,168,81,13,480,300,0,0,0,0,152.07,6,7,720,1,0,0,0,1,0,0,1,1,0,0,0,670.0923685749838
1657,458,95000,1,4,168,81,8,525,480,0,0,0,0,112.64,4,7,760,1,0,0,0,1,0,1,0,0,1,0,0,746.8096516893334
1658,459,95000,1,3,168,81,8,645,400,0,0,0,0,177.19,4,7,690,0,1,0,0,1,0,1,0,1,0,0,0,717.6479729389092
1659,460,95000,1,4,168,81,8,480,300,0,0,0,0,159.15,2,7,720,0,1,0,0,1,0,1,0,1,0,0,0,702.4977475090726
1660,461,95000,1,3,168,81,8,765,280,0,0,0,0,97.59,2,7,780,1,0,0,0,1,0,1,0,1,0,0,0,828.9165081323148
1661,462,90000,1,6,168,81,20,360,410,0,0,0,0,80.06,3,7,840,1,0,0,0,1,0,0,1,0,1,0,0,820.0232098622494
1662,463,45000,1,3,168,81,8,810,550,0,0,0,0,70.01,1,7,810,0,1,0,1,0,0,1,0,1,0,0,0,809.5823725549876
1663,464,85000,1,6,168,81,40,285,330,0,0,0,0,183.13,4,7,720,0,1,0,0,1,0,0,1,0,1,0,0,707.7557879599469
1664,465,105000,1,4,168,81,8,525,480,0,0,0,0,116.71,4,7,760,0,1,0,0,1,0,1,0,1,0,0,0,753.6846805071484
1665,466,105000,1,3,168,81,8,765,280,0,0,0,0,86.05,5,7,780,0,1,0,0,1,0,1,0,0,1,0,0,826.4908045216723
1666,467,95000,1,6,168,81,20,405,450,0,0,0,0,46.53,3,7,900,0,1,0,1,0,0,1,0,1,0,0,0,848.3514123420822
1667,468,65000,1,5,168,81,13,480,300,0,0,0,0,52.33,3,7,850,1,0,0,1,0,0,0,1,0,1,0,0,799.1582495800556
1668,469,65000,1,5,168,81,13,480,300,0,0,0,0,70.72,4,7,850,1,0,0,0,1,0,0,1,0,1,0,0,797.3300116757448
1669,470,50000,1,4,168,81,8,645,400,0,0,0,0,67.12,3,7,880,1,0,0,0,1,0,0,1,1,0,0,0,833.7053273244998
1670,471,70000,1,5,168,81,20,360,410,0,0,0,0,141.82,4,7,700,0,1,0,0,1,0,0,1,1,0,0,0,709.1486900231619
1671,472,80000,1,4,168,81,13,450,500,0,0,0,0,211.68,8,7,680,1,0,0,0,1,0,0,1,1,0,0,0,675.0166440920541
1672,473,85000,1,4,168,81,13,450,500,0,0,0,0,221.62,10,7,680,1,0,0,0,1,0,1,0,1,0,0,0,667.9524069611982
1673,474,95000,1,6,168,81,30,330,380,0,0,0,0,155.08,6,7,780,1,0,0,0,1,0,0,1,1,0,0,0,762.1171822850652
1674,475,75000,1,4,168,81,13,450,500,0,0,0,0,248.6,11,7,680,1,0,0,0,1,0,1,0,1,0,0,0,672.4326616265824
1675,476,50000,1,4,168,81,13,450,500,0,0,0,0,260.95,10,7,680,0,1,0,0,1,0,1,0,0,1,0,0,688.5642226858774
1676,477,80000,1,4,168,81,13,405,450,0,0,0,0,297.67,10,7,640,0,1,0,0,1,0,0,1,1,0,0,0,637.6762546390639
1677,478,45000,1,3,168,81,20,360,410,0,0,0,0,368.4,15,7,480,0,1,0,0,1,0,0,1,1,0,0,0,495.33811058338813
1678,479,80000,1,4,168,81,38,285,330,0,0,0,0,315.36,11,7,520,1,0,0,0,1,0,1,0,1,0,0,0,489.2045408310132
1679,480,85000,1,6,168,81,80,165,210,0,0,0,0,346.99,9,7,540,0,1,0,0,1,0,1,0,1,0,0,0,537.2762811729518
1680,481,100000,1,4,168,81,40,240,290,0,0,0,0,317.16,10,7,480,1,0,0,0,1,0,1,0,1,0,0,0,454.49572795916424
1681,482,105000,1,3,168,81,40,240,290,0,0,0,0,409.42,6,7,390,0,1,0,0,1,0,0,1,0,1,0,0,426.0942631394191
1682,483,60000,1,3,168,81,88,210,260,0,0,0,0,461.86,7,7,360,1,0,0,0,1,0,1,0,0,1,0,0,439.97074024429395
1683,484,105000,1,6,168,81,70,120,170,0,0,0,0,371.01,12,7,480,0,1,0,0,1,0,1,0,0,1,0,0,499.33321432698966
1684,485,40000,1,4,168,81,40,240,290,0,0,0,0,398.42,12,7,480,0,1,0,0,1,0,1,0,1,0,0,0,482.7191680684235
1685,486,55000,1,3,168,81,88,210,260,0,0,0,0,463.79,9,7,360,1,0,0,0,1,0,0,1,1,0,0,0,437.64730682846886
1686,487,55000,1,4,168,81,40,285,330,0,0,0,0,308.15,12,7,520,0,1,0,0,1,0,0,1,1,0,0,0,501.0380155235456
1687,488,55000,1,5,168,81,88,210,260,0,0,0,0,337.38,11,7,500,1,0,0,0,1,0,0,1,0,1,0,0,515.4105918172247
1688,489,55000,1,4,168,81,48,240,290,0,0,0,0,324.49,9,7,480,0,1,0,0,1,0,1,0,1,0,0,0,475.7289936532454
1689,490,55000,1,6,168,81,48,240,290,0,0,0,0,270.65,7,7,660,0,1,0,0,1,0,0,1,0,1,0,0,663.3570278319332
1690,491,55000,1,6,168,81,40,285,330,0,0,0,0,180.23,7,7,720,1,0,0,0,1,0,1,0,1,0,0,0,714.3427529462133
1691,492,55000,1,6,168,81,80,165,210,0,0,0,0,391.76,6,7,540,0,1,0,0,1,0,0,1,0,1,0,0,556.1403104195945
1692,493,75000,1,4,168,81,38,285,330,0,0,0,0,322.41,6,7,520,0,1,0,0,1,0,1,0,0,1,0,0,506.66307590321077
1693,494,55000,1,3,168,81,20,360,410,0,0,0,0,337.0,4,7,480,1,0,0,0,1,0,0,1,0,1,0,0,516.9083434434664
1694,495,85000,1,6,168,81,80,165,210,0,0,0,0,319.9,3,7,540,1,0,0,0,1,0,1,0,0,1,0,0,553.639617631692
1695,496,90000,1,6,168,81,42,285,330,0,0,0,0,253.51,3,7,720,1,0,0,0,1,0,1,0,1,0,0,0,708.5566340571577
1696,497,90000,1,6,168,81,42,285,330,0,0,0,0,229.11,4,7,720,1,0,0,0,1,0,1,0,0,1,0,0,703.8661778745114
1697,498,90000,1,4,168,81,8,480,300,0,0,0,0,177.55,5,7,720,0,1,0,0,1,0,1,0,0,1,0,0,688.4684622858699
1698,499,90000,1,4,168,81,8,525,480,0,0,0,0,106.47,3,7,760,1,0,0,1,0,0,0,1,1,0,0,0,746.4453139440388
1699,500,90000,1,6,168,81,22,360,410,0,0,0,0,77.01,4,7,840,1,0,0,1,0,0,1,0,0,0,0,1,803.2102466791277
1700,501,105000,1,4,251,74,8,570,280,0,0,0,0,87.09,0,7,800,1,0,0,1,0,0,0,1,0,1,0,0,750.0659833913116
1701,502,80000,1,6,251,74,48,240,290,0,0,0,0,202.25,5,7,660,1,0,0,0,1,0,0,1,0,1,0,0,591.4163455386769
1702,503,60000,1,3,251,74,22,360,410,0,0,0,0,303.64,11,7,480,0,1,0,0,1,0,1,0,0,1,0,0,467.600264346039
1703,504,100000,1,3,251,74,8,600,450,0,0,0,0,241.25,11,7,660,1,0,0,0,1,0,1,0,1,0,0,0,670.5210561767716
1704,505,100000,1,4,251,74,8,480,300,0,0,0,0,116.1,0,7,720,1,0,0,0,1,0,1,0,1,0,0,0,718.8787353762989
1705,506,50000,1,4,251,74,8,480,300,0,0,0,0,142.04,2,7,720,1,0,0,0,1,0,0,1,0,1,0,0,690.5510017738553
1706,507,70000,1,5,251,74,22,360,410,0,0,0,0,160.8,5,7,700,1,0,0,0,1,0,1,0,0,1,0,0,688.0450100246737
1707,508,55000,1,3,251,74,8,600,450,0,0,0,0,169.12,2,7,660,1,0,0,0,1,0,0,1,1,0,0,0,682.9185835679565
1708,509,55000,1,5,251,74,22,360,410,0,0,0,0,115.69,5,7,700,1,0,0,0,1,0,0,1,0,1,0,0,689.4313484361953
1709,510,80000,1,4,251,74,6,480,300,0,0,0,0,126.15,3,7,720,1,0,0,0,1,0,1,0,1,0,0,0,713.824218842113
1710,511,90000,1,6,251,74,38,285,330,0,0,0,0,213.46,16,7,720,1,0,0,0,1,0,1,0,1,0,0,0,657.7133156900389
1711,512,75000,1,4,251,74,13,480,300,0,0,0,0,104.0,3,7,720,1,0,0,0,1,0,1,0,1,0,0,0,684.837876812889
1712,513,75000,1,4,251,74,13,450,500,0,0,0,0,212.21,16,7,680,1,0,0,0,1,0,1,0,0,1,0,0,639.6078828890624
1713,514,95000,1,4,251,74,8,525,480,0,0,0,0,76.69,0,7,760,1,0,0,1,0,0,1,0,1,0,0,0,721.8722095231532
1714,515,55000,1,3,251,74,8,690,500,0,0,0,0,99.01,0,7,720,0,1,0,0,1,0,1,0,0,1,0,0,707.2167166518677
1715,516,85000,1,6,251,74,38,285,330,0,0,0,0,260.0,2,7,720,1,0,0,0,1,0,0,1,0,1,0,0,666.0243008228936
1716,517,70000,1,5,251,74,8,480,300,0,0,0,0,46.01,4,7,850,0,1,0,0,1,0,1,0,0,1,0,0,823.1818306353192
1717,518,70000,1,5,251,74,22,360,410,0,0,0,0,105.91,9,7,700,0,1,0,0,1,0,1,0,0,1,0,0,687.0933155407732
1718,519,90000,1,6,251,74,38,285,330,0,0,0,0,129.99,4,7,720,1,0,0,1,0,0,1,0,1,0,0,0,652.7192107545233
1719,520,50000,1,3,251,74,6,600,450,0,0,0,0,151.17,2,7,660,1,0,0,0,1,0,1,0,1,0,0,0,699.0293136481868
1720,521,55000,1,4,251,74,6,570,280,0,0,0,0,78.6,2,7,800,1,0,0,0,1,0,1,0,1,0,0,0,769.8623780264231
1721,522,95000,1,6,251,74,38,285,330,0,0,0,0,148.5,1,7,720,1,0,0,0,1,0,1,0,0,1,0,0,678.3222640701129
1722,523,80000,1,4,251,74,13,450,500,0,0,0,0,158.9,6,7,680,0,1,0,0,1,0,0,1,0,1,0,0,652.7720464019944
1723,524,95000,1,6,251,74,48,240,290,0,0,0,0,208.24,11,7,660,0,1,0,1,0,0,0,1,0,1,0,0,574.8820252982828
1724,525,55000,1,3,251,74,8,720,380,0,0,0,0,99.41,0,7,750,1,0,0,0,1,0,0,1,0,1,0,0,776.6115241539155
1725,526,40000,1,4,251,74,13,450,500,0,0,0,0,160.25,0,7,680,1,0,0,0,1,0,0,1,0,1,0,0,660.2815283056921
1726,527,105000,1,6,251,74,48,240,290,0,0,0,0,220.51,5,7,660,0,1,0,1,0,0,0,1,0,1,0,0,586.0890961355615
1727,528,90000,1,6,251,74,42,285,330,0,0,0,0,149.91,3,7,720,0,1,0,1,0,0,0,1,1,0,0,0,627.6266672923703
1728,529,40000,1,4,251,74,8,570,280,0,0,0,0,78.23,1,7,800,0,1,0,0,1,0,1,0,1,0,0,0,755.3257326050004
1729,530,100000,1,6,251,74,13,405,450,0,0,0,0,47.17,1,7,900,1,0,0,0,1,0,1,0,0,1,0,0,873.1559661617548
1730,531,65000,1,5,251,74,32,330,380,0,0,0,0,147.96,3,7,650,0,1,0,0,1,0,1,0,0,1,0,0,618.7369430540639
1731,532,65000,1,5,251,74,13,450,500,0,0,0,0,87.37,5,7,800,1,0,0,0,1,0,0,1,1,0,0,0,759.8393957419938
1732,533,65000,1,3,251,74,8,765,280,0,0,0,0,89.27,1,7,780,1,0,0,0,1,0,0,1,0,1,0,0,798.1483178616693
1733,534,65000,1,4,251,74,13,405,450,0,0,0,0,208.89,6,7,640,1,0,0,0,1,0,0,1,0,0,0,1,651.838636110885
1734,535,65000,1,6,251,74,38,240,290,0,0,0,0,213.78,4,7,660,1,0,0,0,1,0,0,1,1,0,0,0,614.9141643688661
1735,536,80000,1,4,251,74,22,360,410,0,0,0,0,229.31,6,7,600,0,1,0,0,1,0,1,0,0,1,0,0,578.1676997258978
1736,537,90000,1,6,251,74,38,285,330,0,0,0,0,152.74,3,7,720,0,1,0,0,1,0,1,0,0,1,0,0,675.6506085808965
1737,538,95000,1,6,251,74,42,240,290,0,0,0,0,185.98,2,7,660,0,1,0,1,0,0,0,1,1,0,0,0,610.1746378890357
1738,539,100000,1,4,251,74,13,450,500,0,0,0,0,143.68,2,7,680,1,0,0,0,1,0,1,0,1,0,0,0,658.9913404142109
1739,540,95000,1,6,251,74,22,360,410,0,0,0,0,88.51,1,7,840,0,1,0,0,1,0,0,1,0,1,0,0,800.2592561438322
1740,541,95000,1,3,251,74,8,600,450,0,0,0,0,126.57,1,7,660,0,1,0,0,1,0,1,0,1,0,0,0,688.3099669775764
1741,542,95000,1,4,251,74,13,450,500,0,0,0,0,295.1,6,7,680,1,0,0,0,1,0,1,0,0,1,0,0,645.0029849003588
1742,543,95000,1,4,251,74,13,450,500,0,0,0,0,202.06,5,7,680,0,1,0,0,1,0,0,1,1,0,0,0,651.8688057022155
1743,544,100000,1,4,251,74,22,405,450,0,0,0,0,295.43,7,7,640,1,0,0,0,1,0,0,1,0,1,0,0,578.6619559759156
1744,545,40000,1,4,251,74,22,360,410,0,0,0,0,310.11,1,7,600,0,1,0,0,1,0,1,0,1,0,0,0,558.9205233256911
1745,546,60000,1,3,251,74,8,600,450,0,0,0,0,233.14,3,7,660,1,0,0,0,1,0,0,1,1,0,0,0,677.9129111515853
1746,547,50000,1,4,251,74,13,450,500,0,0,0,0,187.78,3,7,680,0,1,0,0,1,0,1,0,0,1,0,0,654.8682201073437
1747,548,50000,1,4,251,74,38,285,330,0,0,0,0,308.1,5,7,520,1,0,0,0,1,0,0,1,0,1,0,0,450.36571583097924
1748,549,90000,1,6,251,74,88,165,210,0,0,0,0,344.48,4,7,540,1,0,0,0,1,0,0,1,0,1,0,0,396.08520230322176
1749,550,55000,1,3,251,74,22,360,410,0,0,0,0,339.53,0,7,480,0,1,0,0,1,0,0,1,0,1,0,0,471.44643964680824
1750,551,55000,1,3,251,74,22,360,410,0,0,0,0,304.31,1,7,480,0,1,0,0,1,0,0,1,1,0,0,0,473.02239313577934
1751,552,55000,1,5,251,74,42,285,330,0,0,0,0,204.79,3,7,600,0,1,0,0,1,0,0,1,1,0,0,0,541.4630984336948
1752,553,55000,1,6,251,74,88,210,260,0,0,0,0,290.72,6,7,600,0,1,0,0,1,0,1,0,0,1,0,0,397.40183524054186
1753,554,55000,1,4,251,74,13,450,500,0,0,0,0,132.7,3,7,680,0,1,0,0,1,0,1,0,0,1,0,0,658.5149596290248
1754,555,55000,1,3,251,74,8,600,450,0,0,0,0,121.75,1,7,660,0,1,0,0,1,0,1,0,0,1,0,0,687.2612380899019
1755,556,55000,1,4,251,74,22,360,410,0,0,0,0,195.01,3,7,600,0,1,0,0,1,0,1,0,0,1,0,0,574.5758759039552
1756,557,55000,1,4,251,74,22,360,410,0,0,0,0,149.6,0,7,600,0,1,0,0,1,0,1,0,1,0,0,0,582.8223131380532
1757,558,60000,1,3,251,74,42,285,330,0,0,0,0,410.67,5,7,420,1,0,0,0,1,0,0,1,0,1,0,0,389.9372039757867
1758,559,85000,1,6,251,74,82,165,210,0,0,0,0,320.65,6,7,540,0,1,0,0,1,0,0,1,0,1,0,0,424.65965391695494
1759,560,90000,1,6,251,74,92,90,140,0,0,0,0,406.23,9,7,420,0,1,0,0,1,0,1,0,0,1,0,0,389.24967185506273
1760,561,100000,1,4,251,74,82,165,210,0,0,0,0,546.36,7,7,400,1,0,0,0,1,0,1,0,0,1,0,0,342.71511677637966
1761,562,55000,1,3,251,74,8,765,280,0,0,0,0,60.21,2,7,780,1,0,0,0,1,0,0,1,1,0,0,0,795.1101750340991
1762,563,65000,1,5,251,74,22,405,450,0,0,0,0,73.35,3,7,750,1,0,0,1,0,0,1,0,1,0,0,0,664.4706722441891
1763,564,85000,1,3,251,74,13,600,450,0,0,0,0,113.15,6,7,660,0,1,0,1,0,0,0,1,0,1,0,0,630.7930095759289
1764,565,105000,1,4,251,74,8,570,280,0,0,0,0,81.22,4,7,800,0,1,0,1,0,0,0,1,1,0,0,0,743.443671503986
1765,566,75000,1,4,251,74,8,570,280,0,0,0,0,80.75,3,7,800,1,0,0,0,1,0,0,1,0,1,0,0,770.2905385320036
1766,567,90000,1,6,251,74,38,285,330,0,0,0,0,229.03,6,7,720,0,1,0,0,1,0,0,1,0,1,0,0,667.6449868047445
1767,568,55000,1,3,251,74,38,285,330,0,0,0,0,471.35,10,7,420,1,0,0,0,1,0,0,1,1,0,0,0,389.5420033484006
1768,569,70000,1,5,251,74,82,120,170,0,0,0,0,390.93,5,7,400,1,0,0,0,1,0,0,1,0,1,0,0,362.3827272573725
1769,570,70000,1,5,251,74,82,120,170,0,0,0,0,429.75,11,7,400,0,1,0,0,1,0,1,0,0,1,0,0,356.10770074609263
1770,571,40000,1,4,251,74,42,285,330,0,0,0,0,312.82,3,7,520,1,0,0,0,1,0,0,1,1,0,0,0,445.63610943492677
1771,572,55000,1,4,251,74,42,285,330,0,0,0,0,319.86,10,7,520,0,1,0,0,1,0,0,1,0,1,0,0,441.1032954605862
1772,573,70000,1,5,251,74,82,120,170,0,0,0,0,481.27,8,7,400,0,1,0,0,1,0,1,0,1,0,0,0,357.6393683691492
1773,574,80000,1,4,251,74,82,210,260,0,0,0,0,373.61,7,7,440,0,1,0,0,1,0,0,1,1,0,0,0,328.11411161508676
1774,575,75000,1,4,251,74,13,450,500,0,0,0,0,152.08,2,7,680,0,1,0,0,1,0,1,0,1,0,0,0,657.3259652550287
1775,576,105000,1,4,251,74,22,405,450,0,0,0,0,178.19,7,7,640,1,0,0,0,1,0,1,0,0,1,0,0,586.6521146562335
1776,577,80000,1,4,251,74,22,405,450,0,0,0,0,240.05,8,7,640,0,1,0,0,1,0,1,0,0,1,0,0,583.0346120117308
1777,578,95000,1,5,251,74,38,285,330,0,0,0,0,262.49,6,7,600,1,0,0,0,1,0,1,0,1,0,0,0,553.5849733141561
1778,579,70000,1,5,251,74,82,165,210,0,0,0,0,394.87,9,7,450,0,1,0,0,1,0,1,0,0,1,0,0,375.3763657822152
1779,580,50000,1,4,251,74,42,210,260,0,0,0,0,365.17,1,7,440,1,0,0,0,1,0,1,0,0,1,0,0,403.5326278927779
1780,581,65000,1,5,251,74,22,360,410,0,0,0,0,183.36,4,7,700,1,0,0,1,0,0,1,0,0,0,1,0,710.6038089256424
1781,582,95000,1,6,251,74,42,285,330,0,0,0,0,227.27,5,7,720,1,0,0,0,1,0,1,0,0,1,0,0,639.8830239520345
1782,583,90000,1,6,251,74,48,240,290,0,0,0,0,253.12,4,7,660,1,0,0,0,1,0,0,1,1,0,0,0,591.4281649972487
1783,584,95000,1,3,251,74,8,765,280,0,0,0,0,86.93,0,7,780,0,1,0,1,0,0,1,0,0,1,0,0,785.9527866911307
1784,585,45000,1,3,251,74,8,720,380,0,0,0,0,90.43,5,7,750,1,0,0,0,1,0,0,1,0,1,0,0,771.2623163964557
1785,586,60000,1,3,251,74,8,600,450,0,0,0,0,174.18,4,7,660,0,1,0,0,1,0,0,1,1,0,0,0,680.4833659286442
1786,587,80000,1,4,251,74,13,450,500,0,0,0,0,217.86,9,7,680,1,0,0,0,1,0,1,0,1,0,0,0,645.8422842033591
1787,588,85000,1,6,251,74,42,240,290,0,0,0,0,280.06,11,7,660,1,0,0,0,1,0,1,0,0,1,0,0,595.5436118085835
1788,589,60000,1,3,251,74,8,570,280,0,0,0,0,168.05,1,7,630,1,0,0,0,1,0,1,0,1,0,0,0,640.8822050965017
1789,590,85000,1,3,251,74,22,360,410,0,0,0,0,336.01,7,7,480,1,0,0,0,1,0,1,0,1,0,0,0,475.2398501660315
1790,591,60000,1,3,251,74,42,285,330,0,0,0,0,391.66,11,7,420,1,0,0,0,1,0,0,1,1,0,0,0,384.23242693975243
1791,592,60000,1,3,251,74,42,285,330,0,0,0,0,470.12,7,7,420,0,1,0,0,1,0,1,0,0,1,0,0,386.795647071581
1792,593,60000,1,3,251,74,62,210,260,0,0,0,0,505.18,5,7,360,0,1,0,0,1,0,1,0,1,0,0,0,335.49539102008714
1793,594,60000,1,5,251,74,92,90,140,0,0,0,0,523.07,4,7,350,0,1,0,0,1,0,0,1,1,0,0,0,336.1946461454306
1794,595,60000,1,4,251,74,82,165,210,0,0,0,0,419.0,12,7,400,1,0,0,0,1,0,0,1,1,0,0,0,324.53512373565997
1795,596,60000,1,5,251,74,72,120,170,0,0,0,0,507.63,17,7,400,0,1,0,0,1,0,0,1,0,1,0,0,357.71185320969505
1796,597,60000,1,5,251,74,82,165,210,0,0,0,0,348.3,8,7,450,0,1,0,0,1,0,1,0,0,1,0,0,379.6838109810561
1797,598,60000,1,4,251,74,48,240,290,0,0,0,0,345.61,2,7,480,0,1,0,0,1,0,0,1,0,1,0,0,414.3648403258362
1798,599,65000,1,5,251,74,42,285,330,0,0,0,0,274.9,1,7,600,0,1,0,0,1,0,0,1,1,0,0,0,538.798328510189
1799,600,65000,1,5,251,74,22,360,410,0,0,0,0,167.6,3,7,700,1,0,0,1,0,0,1,0,1,0,0,0,656.8382866246866
1800,601,95000,1,6,113,75,48,240,290,0,0,0,0,292.36,3,7,660,0,1,0,0,1,0,1,0,0,1,0,0,493.7443245717622
1801,602,95000,1,6,113,75,82,120,170,0,0,0,0,383.94,5,7,480,0,1,0,0,1,0,0,1,1,0,0,0,353.47446741323597
1802,603,95000,1,6,113,75,82,120,170,0,0,0,0,357.19,12,7,480,1,0,0,0,1,0,1,0,0,1,0,0,344.07621850880975
1803,604,70000,1,5,113,75,42,285,330,0,0,0,0,291.78,6,7,600,0,1,0,0,1,0,0,1,1,0,0,0,431.1649021399971
1804,605,70000,1,4,113,75,62,210,260,0,0,0,0,367.35,8,7,440,0,1,0,0,1,0,0,1,0,1,0,0,292.58918171206454
1805,606,65000,1,5,113,75,82,165,210,0,0,0,0,253.65,6,7,450,1,0,0,0,1,0,1,0,1,0,0,0,304.6172409502912
1806,607,90000,1,6,113,75,72,120,170,0,0,0,0,281.83,3,7,480,1,0,0,0,1,0,1,0,1,0,0,0,358.0761954940649
1807,608,90000,1,6,113,75,82,120,170,0,0,0,0,273.75,5,7,480,0,1,0,0,1,0,1,0,0,1,0,0,343.8814229438931
1808,609,40000,1,4,113,75,82,165,210,0,0,0,0,300.83,10,7,400,1,0,0,0,1,0,0,1,1,0,0,0,301.1848372131846
1809,610,105000,1,4,113,75,82,165,210,0,0,0,0,349.21,5,7,400,1,0,0,0,1,0,0,1,0,1,0,0,266.12412720735637
1810,611,40000,1,4,113,75,82,120,170,0,0,0,0,426.48,4,7,360,1,0,0,0,1,0,0,1,1,0,0,0,311.1798028699206
1811,612,80000,1,4,113,75,72,120,170,0,0,0,0,429.36,4,7,360,0,1,0,0,1,0,1,0,1,0,0,0,266.7603235809778
1812,613,95000,1,3,113,75,48,210,260,0,0,0,0,392.21,12,7,360,1,0,0,0,1,0,0,1,1,0,0,0,265.3317309715465
1813,614,50000,1,4,113,75,82,165,210,0,0,0,0,342.53,4,7,400,0,1,0,0,1,0,0,1,1,0,0,0,288.2184653170802
1814,615,45000,1,4,113,75,82,120,170,0,0,0,0,391.09,10,7,360,0,1,0,0,1,0,0,1,1,0,0,0,299.9335644305807
1815,616,40000,1,4,113,75,48,210,260,0,0,0,0,278.71,0,7,440,1,0,0,0,1,0,1,0,1,0,0,0,336.95358806068134
1816,617,90000,1,6,113,75,82,120,170,0,0,0,0,212.95,5,7,480,0,1,0,0,1,0,0,1,0,1,0,0,340.3307253531101
1817,618,45000,1,3,113,75,42,285,330,0,0,0,0,278.63,5,7,420,1,0,0,0,1,0,0,1,0,1,0,0,314.3271511746548
1818,619,60000,1,6,113,75,82,120,170,0,0,0,0,323.54,4,7,480,1,0,0,0,1,0,1,0,0,1,0,0,378.5814453463545
1819,620,45000,1,3,113,75,42,285,330,0,0,0,0,421.23,8,7,420,0,1,0,0,1,0,1,0,1,0,0,0,332.71569575758537
1820,621,45000,1,6,113,75,82,120,170,0,0,0,0,345.01,6,7,480,1,0,0,0,1,0,0,1,0,0,0,1,403.05764141230645
1821,622,60000,1,4,113,75,42,240,290,0,0,0,0,308.52,4,7,480,1,0,0,1,0,0,1,0,1,0,0,0,364.99771261984336
1822,623,105000,1,4,113,75,8,645,400,0,0,0,0,401.4,8,7,880,0,1,0,0,1,0,1,0,0,1,0,0,796.8204834936221
1823,624,55000,1,3,113,75,48,285,330,0,0,0,0,326.7,8,7,420,0,1,0,0,1,0,0,1,0,1,0,0,298.4681099830718
1824,625,50000,1,4,113,75,82,165,210,0,0,0,0,417.54,9,7,400,0,1,0,0,1,0,0,1,0,1,0,0,296.1134909802208
1825,626,105000,1,4,113,75,8,645,400,0,0,0,0,127.0,3,7,880,0,1,0,0,1,0,1,0,0,1,0,0,711.8545666734187
1826,627,50000,1,4,113,75,82,165,210,0,0,0,0,36.24,1,7,400,1,0,0,1,0,0,0,1,1,0,0,0,323.49834562063506
1827,628,70000,1,5,113,75,82,165,210,0,0,0,0,103.09,2,7,450,0,1,0,0,1,0,0,1,1,0,0,0,309.8170141552523
1828,629,40000,1,4,113,75,88,120,170,0,0,0,0,189.31,6,7,360,0,1,0,0,1,0,0,1,1,0,0,0,287.17358135939
1829,630,80000,1,4,113,75,48,285,330,0,0,0,0,200.46,5,7,520,1,0,0,0,1,0,1,0,0,1,0,0,328.34881865491985
1830,631,90000,1,6,113,75,13,405,450,0,0,0,0,175.82,5,7,900,1,0,0,0,1,0,0,1,0,1,0,0,787.1739433985256
1831,632,100000,1,3,113,75,22,840,550,0,0,0,0,94.83,0,7,840,1,0,0,1,0,0,1,0,1,0,0,0,549.9137809820999
1832,633,55000,1,3,113,75,38,285,330,0,0,0,0,50.16,2,7,420,0,1,0,1,0,0,1,0,0,1,0,0,356.0709515398801
1833,634,50000,1,4,113,75,38,285,330,0,0,0,0,83.76,2,7,520,1,0,0,1,0,0,1,0,0,1,0,0,379.00229484489046
1834,635,80000,1,4,113,75,38,285,330,0,0,0,0,57.94,0,7,520,1,0,0,1,0,0,1,0,1,0,0,0,403.6817743262521
1835,636,80000,1,6,113,75,32,330,380,0,0,0,0,131.03,1,7,780,0,1,0,1,0,0,1,0,0,1,0,0,610.7006743368884
1836,637,80000,1,3,113,75,8,765,280,0,0,0,0,143.89,3,7,780,1,0,0,1,0,0,0,1,1,0,0,0,683.4354624117551
1837,638,80000,1,3,113,75,38,285,330,0,0,0,0,167.29,6,7,420,1,0,0,1,0,0,1,0,1,0,0,0,340.9802629631302
1838,639,80000,1,4,113,75,38,285,330,0,0,0,0,124.33,2,7,520,1,0,0,1,0,0,0,1,0,1,0,0,391.72648108724763
1839,640,80000,1,5,113,75,82,165,210,0,0,0,0,64.5,2,7,450,0,1,0,1,0,0,0,1,1,0,0,0,335.28635945614946
1840,641,80000,1,6,113,75,32,330,380,0,0,0,0,23.0,1,7,780,1,0,0,1,0,0,1,0,1,0,0,0,588.9645707643301
1841,642,80000,1,5,113,75,82,165,210,0,0,0,0,136.74,0,7,450,0,1,0,1,0,0,0,1,1,0,0,0,332.31144114468543
1842,643,60000,1,3,113,75,38,285,330,0,0,0,0,224.61,1,7,420,0,1,0,1,0,0,1,0,0,1,0,0,354.76795373893935
1843,644,60000,1,3,113,75,38,285,330,0,0,0,0,434.95,8,7,420,1,0,0,0,1,0,0,1,1,0,0,0,328.31314455569645
1844,645,105000,1,6,113,75,32,330,380,0,0,0,0,446.16,1,7,780,1,0,0,0,1,0,1,0,0,1,0,0,702.0622955434926
1845,646,95000,1,6,113,75,32,330,380,0,0,0,0,586.78,5,7,780,1,0,0,0,1,0,0,1,0,1,0,0,764.4245617655083
1846,647,45000,1,3,113,75,38,285,330,0,0,0,0,485.49,3,7,420,1,0,0,0,1,0,1,0,0,1,0,0,361.6264266935084
1847,648,45000,1,3,113,75,38,285,330,0,0,0,0,137.41,0,7,420,0,1,0,1,0,0,1,0,0,1,0,0,357.93197824717475
1848,649,50000,1,6,113,75,72,120,170,0,0,0,0,207.52,1,7,480,0,1,0,0,1,0,1,0,1,0,0,0,396.20121059972166
1849,650,105000,1,4,113,75,8,645,400,0,0,0,0,148.22,0,7,880,1,0,0,0,1,0,0,1,1,0,0,0,721.2982423345705
1850,651,100000,1,3,113,75,8,720,380,0,0,0,0,135.03,3,7,750,1,0,0,0,1,0,1,0,0,1,0,0,640.1491112726892
1851,652,65000,1,5,113,75,13,450,500,0,0,0,0,234.05,4,7,800,0,1,0,0,1,0,0,1,1,0,0,0,679.1170883974942
1852,653,100000,1,4,113,75,38,285,330,0,0,0,0,85.23,1,7,520,0,1,0,1,0,0,1,0,0,1,0,0,409.26328989916874
1853,654,105000,1,6,113,75,32,330,380,0,0,0,0,154.39,3,7,780,1,0,0,1,0,0,0,1,1,0,0,0,596.9672767876245
1854,655,40000,1,4,113,75,82,120,170,0,0,0,0,254.33,7,7,360,1,0,0,0,1,0,0,1,1,0,0,0,296.59982683318094
1855,656,80000,1,4,113,75,38,285,330,0,0,0,0,245.8,7,7,520,0,1,0,0,1,0,0,1,1,0,0,0,336.0893582401102
1856,657,105000,1,6,113,75,22,360,410,0,0,0,0,254.47,5,7,840,0,1,0,0,1,0,0,1,1,0,0,0,718.8220670752698
1857,658,65000,1,5,113,75,82,165,210,0,0,0,0,327.07,3,7,450,1,0,0,0,1,0,0,1,1,0,0,0,313.7866676283297
1858,659,65000,1,5,113,75,82,165,210,0,0,0,0,308.87,2,7,450,1,0,0,0,1,0,0,1,0,1,0,0,312.6078446280213
1859,660,65000,1,5,113,75,13,450,500,0,0,0,0,364.97,4,7,800,0,1,0,0,1,0,1,0,1,0,0,0,729.9576798025795
1860,661,65000,1,6,113,75,32,330,380,0,0,0,0,382.93,4,7,780,1,0,0,0,1,0,0,1,0,1,0,0,689.4765492759896
1861,662,65000,1,4,113,75,82,165,210,0,0,0,0,339.04,2,7,400,0,1,0,1,0,0,0,1,0,1,0,0,290.33754778889755
1862,663,65000,1,3,113,75,38,285,330,0,0,0,0,234.48,3,7,420,1,0,0,0,1,0,0,1,0,1,0,0,321.4267719389079
1863,664,65000,1,6,113,75,32,330,380,0,0,0,0,92.02,2,7,780,1,0,0,0,1,0,0,1,0,1,0,0,607.2402232993556
1864,665,65000,1,4,113,75,38,285,330,0,0,0,0,156.32,3,7,520,1,0,0,0,1,0,0,1,1,0,0,0,354.3070982871087
1865,666,100000,1,6,113,75,32,330,380,0,0,0,0,71.17,1,7,780,1,0,0,0,1,0,1,0,0,1,0,0,599.6878634578356
1866,667,55000,1,6,113,75,18,360,410,0,0,0,0,155.79,8,7,840,1,0,0,0,1,0,1,0,0,1,0,0,721.9177513909058
1867,668,100000,1,6,113,75,18,360,410,0,0,0,0,89.84,3,7,840,1,0,0,0,1,0,0,1,0,1,0,0,695.1157972743449
1868,669,75000,1,4,113,75,32,285,330,0,0,0,0,137.75,4,7,520,1,0,0,0,1,0,0,1,1,0,0,0,371.9295152254807
1869,670,80000,1,4,113,75,32,285,330,0,0,0,0,180.25,4,7,520,1,0,0,0,1,0,0,1,0,1,0,0,368.7988542125979
1870,671,105000,1,6,113,75,32,330,380,0,0,0,0,259.33,8,7,780,1,0,0,0,1,0,1,0,0,1,0,0,633.7484463543667
1871,672,95000,1,6,113,75,22,360,410,0,0,0,0,336.03,9,7,840,0,1,0,0,1,0,1,0,1,0,0,0,751.151421039522
1872,673,75000,1,4,113,75,38,285,330,0,0,0,0,106.98,0,7,520,0,1,0,0,1,0,1,0,1,0,0,0,374.73916286020517
1873,674,40000,1,4,113,75,72,120,170,0,0,0,0,211.48,6,7,360,0,1,0,0,1,0,1,0,1,0,0,0,299.63650329647055
1874,675,70000,1,6,113,75,22,360,410,0,0,0,0,322.91,13,7,840,1,0,0,0,1,0,0,1,1,0,0,0,754.554058442616
1875,676,40000,1,4,113,75,72,120,170,0,0,0,0,297.43,4,7,360,0,1,0,0,1,0,0,1,1,0,0,0,306.8633502752707
1876,677,70000,1,5,113,75,82,165,210,0,0,0,0,375.95,6,7,450,1,0,0,0,1,0,0,1,0,1,0,0,311.30052170891577
1877,678,105000,1,6,113,75,32,330,380,0,0,0,0,252.17,3,7,780,0,1,0,0,1,0,1,0,0,1,0,0,637.5419633818301
1878,679,50000,1,4,113,75,82,165,210,0,0,0,0,406.12,8,7,400,0,1,0,0,1,0,1,0,0,1,0,0,294.9045672841231
1879,680,65000,1,5,113,75,48,165,210,0,0,0,0,418.08,8,7,450,0,1,0,0,1,0,0,1,1,0,0,0,393.9768198785897
1880,681,95000,1,6,113,75,42,330,380,0,0,0,0,378.08,13,7,780,0,1,0,0,1,0,1,0,1,0,0,0,600.8880722562785
1881,682,40000,1,3,113,75,42,285,330,0,0,0,0,388.6,5,7,420,0,1,0,0,1,0,1,0,1,0,0,0,334.2916897640374
1882,683,70000,1,5,113,75,82,165,210,0,0,0,0,644.24,3,7,450,1,0,0,0,1,0,0,1,0,1,0,0,391.3682956560881
1883,684,70000,1,6,113,75,32,330,380,0,0,0,0,619.08,0,7,780,0,1,0,0,1,0,1,0,0,1,0,0,789.1870791166855
1884,685,70000,1,6,113,75,62,210,260,0,0,0,0,421.46,5,7,600,1,0,0,0,1,0,1,0,1,0,0,0,473.4427569646599
1885,686,70000,1,6,113,75,38,330,380,0,0,0,0,538.35,4,7,780,1,0,0,0,1,0,1,0,0,1,0,0,723.1133472543474
1886,687,70000,1,6,113,75,22,360,410,0,0,0,0,531.98,9,7,840,1,0,0,0,1,0,1,0,0,1,0,0,839.0126424258226
1887,688,70000,1,4,113,75,18,450,500,0,0,0,0,616.76,6,7,680,0,1,0,0,1,0,0,1,0,1,0,0,662.5253030203698
1888,689,70000,1,5,113,75,42,165,210,0,0,0,0,736.77,1,7,450,1,0,0,0,1,0,0,1,0,1,0,0,544.7903947300501
1889,690,45000,1,3,113,75,42,285,330,0,0,0,0,640.86,15,7,420,0,1,0,0,1,0,1,0,1,0,0,0,410.2972689630342
1890,691,50000,1,4,113,75,48,165,210,0,0,0,0,401.31,15,7,400,1,0,0,0,1,0,1,0,0,1,0,0,335.6360518254756
1891,692,100000,1,3,113,75,8,690,500,0,0,0,0,434.63,8,7,720,0,1,0,0,1,0,0,1,0,1,0,0,640.2815885435059
1892,693,40000,1,4,113,75,82,120,170,0,0,0,0,393.39,11,7,360,1,0,0,0,1,0,1,0,0,1,0,0,308.24446263881003
1893,694,70000,1,5,113,75,42,165,210,0,0,0,0,428.78,9,7,450,1,0,0,0,1,0,0,1,1,0,0,0,416.4785795506084
1894,695,50000,1,4,113,75,82,210,260,0,0,0,0,416.48,7,7,440,1,0,0,0,1,0,0,1,0,1,0,0,303.7390738591331
1895,696,50000,1,4,113,75,82,165,210,0,0,0,0,482.9,13,7,400,1,0,0,0,1,0,1,0,1,0,0,0,303.0294766243618
1896,697,50000,1,4,113,75,48,165,210,0,0,0,0,515.38,16,7,400,1,0,0,0,1,0,1,0,0,1,0,0,367.41808640759757
1897,698,45000,1,3,113,75,42,285,330,0,0,0,0,644.1,16,7,420,1,0,0,0,1,0,1,0,1,0,0,0,413.04748841736364
1898,699,105000,1,3,113,75,8,690,500,0,0,0,0,560.29,14,7,720,0,1,0,0,1,0,1,0,0,1,0,0,691.2938471719175
1899,700,85000,1,6,113,75,18,360,410,0,0,0,0,507.99,10,7,840,1,0,0,0,1,0,0,1,0,1,0,0,844.2191244522616
1900,701,65000,1,5,147,76,42,165,210,0,0,0,0,39.96,1,7,450,0,1,0,1,0,0,0,1,1,0,0,0,518.3674448149765
1901,702,60000,1,3,147,76,42,285,330,0,0,0,0,84.58,2,7,420,1,0,0,1,0,0,1,0,1,0,0,0,451.1634049294871
1902,703,60000,1,4,147,76,32,285,330,0,0,0,0,130.18,2,7,520,0,1,0,0,1,0,0,1,1,0,0,0,474.10766257832273
1903,704,60000,1,5,147,76,62,120,170,0,0,0,0,108.71,2,7,400,1,0,0,1,0,0,1,0,1,0,0,0,454.8309314486425
1904,705,60000,1,6,147,76,18,360,410,0,0,0,0,53.85,5,7,840,1,0,0,1,0,0,0,1,0,1,0,0,848.1298251946542
1905,706,60000,1,4,147,76,48,165,210,0,0,0,0,105.65,9,7,400,1,0,0,1,0,0,0,1,0,1,0,0,420.7321755154904
1906,707,60000,1,4,147,76,48,165,210,0,0,0,0,162.2,12,7,400,1,0,0,0,1,0,1,0,1,0,0,0,405.04731745737183
1907,708,60000,1,3,147,76,42,285,330,0,0,0,0,86.03,2,7,420,1,0,0,0,1,0,0,1,0,1,0,0,422.79098774727714
1908,709,85000,1,6,147,76,18,360,410,0,0,0,0,171.35,7,7,840,1,0,0,0,1,0,1,0,0,1,0,0,817.2026959217875
1909,710,55000,1,6,147,76,18,360,410,0,0,0,0,173.42,4,7,840,0,1,0,0,1,0,0,1,0,1,0,0,829.8290464463889
1910,711,100000,1,6,147,76,18,360,410,0,0,0,0,194.1,2,7,840,0,1,0,0,1,0,0,1,1,0,0,0,825.9083208522286
1911,712,60000,1,3,147,76,42,285,330,0,0,0,0,241.66,7,7,420,1,0,0,0,1,0,1,0,1,0,0,0,400.6379845904835
1912,713,90000,1,6,147,76,18,360,410,0,0,0,1,279.87,9,7,840,1,0,0,0,1,0,1,0,0,1,0,0,846.8884657493949
1913,714,60000,1,3,147,76,32,285,330,0,0,0,0,194.0,5,7,420,1,0,0,0,1,0,1,0,0,1,0,0,417.87064981897925
1914,715,105000,1,6,147,76,32,330,380,0,0,0,0,258.7,8,7,780,1,0,0,0,1,0,0,1,1,0,0,0,734.0628775241198
1915,716,55000,1,6,147,76,32,330,380,0,0,0,0,189.74,5,7,780,1,0,0,1,0,0,0,1,0,1,0,0,784.0711469850613
1916,717,90000,1,6,147,76,38,330,380,0,0,0,0,80.6,1,7,780,1,0,0,1,0,0,1,0,1,0,0,0,697.1317962685616
1917,718,40000,1,3,147,76,42,285,330,0,0,0,0,35.13,1,7,420,1,0,0,1,0,0,0,1,1,0,0,0,450.4671263833424
1918,719,45000,1,3,147,76,42,285,330,0,0,0,0,110.32,1,7,420,1,0,0,1,0,0,1,0,0,1,0,0,449.2250804845135
1919,720,45000,1,6,147,76,38,330,380,0,0,0,0,115.52,1,7,780,1,0,0,1,0,0,1,0,1,0,0,0,758.1963629981439
1920,721,45000,1,4,147,76,32,285,330,0,0,0,0,165.68,4,7,520,1,0,0,1,0,0,0,1,0,1,0,0,528.0701909826082
1921,722,45000,1,4,147,76,62,120,170,0,0,0,0,263.22,2,7,360,1,0,0,1,0,0,0,1,0,1,0,0,427.3491298652964
1922,723,45000,1,4,147,76,8,525,480,0,0,0,0,312.29,4,7,760,1,0,0,1,0,0,1,0,0,1,0,0,790.4675336077415
1923,724,45000,1,6,147,76,82,210,260,0,0,0,0,249.01,2,7,600,1,0,0,1,0,0,1,0,0,1,0,0,530.8503165051225
1924,725,55000,1,3,147,76,62,210,260,0,0,0,0,259.12,3,7,360,1,0,0,1,0,0,0,1,0,1,0,0,393.75727033791145
1925,726,70000,1,5,147,76,42,165,210,0,0,0,0,200.08,4,7,450,1,0,0,1,0,0,0,1,0,1,0,0,525.0464583481836
1926,727,75000,1,4,147,76,92,165,210,0,0,0,0,150.44,7,7,400,1,0,0,1,0,0,1,0,0,1,0,0,394.54904293508304
1927,728,60000,1,3,147,76,42,285,330,0,0,0,0,78.64,5,7,420,1,0,0,1,0,0,1,0,0,1,0,0,435.84389090913
1928,729,70000,1,5,147,76,42,165,210,0,0,0,0,244.14,2,7,450,1,0,0,1,0,0,1,0,0,1,0,0,534.0505951683608
1929,730,95000,1,6,147,76,18,360,410,0,0,0,0,269.22,0,7,840,1,0,0,1,0,0,1,0,0,1,0,0,875.82618697833
1930,731,95000,1,4,147,76,32,285,330,0,0,0,0,282.78,14,7,520,1,0,0,1,0,0,1,0,1,0,0,0,497.3039842941468
1931,732,95000,1,4,147,76,32,285,330,0,0,0,0,339.24,0,7,520,1,0,0,1,0,0,0,1,0,1,0,0,538.0519495186604
1932,733,40000,1,4,147,76,72,120,170,0,0,0,0,320.98,15,7,360,1,0,0,1,0,0,1,0,1,0,0,0,397.82844445075636
1933,734,60000,1,3,147,76,42,285,330,0,0,0,0,299.29,0,7,420,1,0,0,1,0,0,0,1,1,0,0,0,453.5521568866259
1934,735,65000,1,5,147,76,82,165,210,0,0,0,0,300.2,8,7,450,1,0,0,1,0,0,0,1,1,0,0,0,421.7034278962307
1935,736,40000,1,4,147,76,82,120,170,0,0,0,0,282.4,2,7,360,1,0,0,1,0,0,0,1,1,0,0,0,405.1822862731104
1936,737,70000,1,5,147,76,82,165,210,0,0,0,0,254.61,2,7,450,1,0,0,1,0,0,0,1,1,0,0,0,432.42486731866916
1937,738,80000,1,4,147,76,42,285,330,0,0,0,0,275.15,4,7,520,1,0,0,1,0,0,1,0,1,0,0,0,493.20739208250734
1938,739,45000,1,3,147,76,42,285,330,0,0,0,0,210.09,3,7,420,1,0,0,1,0,0,0,1,1,0,0,0,439.4469763909949
1939,740,50000,1,4,147,76,82,165,210,0,0,0,0,217.52,5,7,400,1,0,0,1,0,0,1,0,0,1,0,0,385.54979091795514
1940,741,105000,1,4,147,76,18,570,280,0,0,0,0,329.16,10,7,800,1,0,0,1,0,0,1,0,1,0,0,0,750.2865959208411
1941,742,105000,1,4,147,76,32,285,330,0,0,0,0,251.48,2,7,520,1,0,0,1,0,0,0,1,1,0,0,0,537.0122248546106
1942,743,105000,1,3,147,76,42,285,330,0,0,0,1,196.02,4,7,420,1,0,0,1,0,0,1,0,1,0,0,0,460.19829918156313
1943,744,85000,1,6,147,76,18,360,410,0,0,0,0,175.97,1,7,840,1,0,0,1,0,0,1,0,1,0,0,0,852.8763653254508
1944,745,85000,1,6,147,76,18,360,410,0,0,0,0,208.24,1,7,840,1,0,0,1,0,0,1,0,0,1,0,0,862.6700370702544
1945,746,85000,1,6,147,76,18,405,450,0,0,0,0,150.44,3,7,900,1,0,0,1,0,0,1,0,1,0,0,0,857.1724649133653
1946,747,85000,1,6,147,76,18,360,410,0,0,0,0,138.22,2,7,840,1,0,0,1,0,0,1,0,1,0,0,0,844.0838618667146
1947,748,70000,1,6,147,76,18,405,450,0,0,0,0,246.66,1,7,900,1,0,0,1,0,0,1,0,0,1,0,0,908.0092381779662
1948,749,70000,1,4,147,76,82,120,170,0,0,0,0,180.4,1,7,360,1,0,0,1,0,0,1,0,0,1,0,0,397.6916536583888
1949,750,70000,1,5,147,76,82,165,210,0,0,0,0,261.02,10,7,450,1,0,0,1,0,0,0,1,1,0,0,0,407.0747381671895
1950,751,70000,1,3,147,76,42,285,330,0,0,0,0,205.64,8,7,420,1,0,0,1,0,0,1,0,0,1,0,0,421.5433321792599
1951,752,85000,1,6,147,76,18,360,410,0,0,0,0,222.65,1,7,840,1,0,0,1,0,0,1,0,1,0,0,0,867.043350049573
1952,753,95000,1,3,147,76,42,285,330,0,0,0,0,148.82,2,7,420,1,0,0,1,0,0,0,1,1,0,0,0,465.7455481955849
1953,754,50000,1,4,147,76,82,165,210,0,0,0,0,162.56,1,7,400,1,0,0,1,0,0,0,1,0,1,0,0,394.3245739551819
1954,755,95000,1,6,147,76,92,90,140,0,0,0,0,103.35,4,7,420,1,0,0,1,0,0,0,1,0,1,0,0,427.70798339537686
1955,756,90000,1,6,147,76,32,330,380,0,0,0,0,155.94,8,7,780,1,0,0,1,0,0,1,0,0,1,0,0,744.3466290585309
1956,757,50000,1,4,147,76,82,165,210,0,0,0,0,116.47,4,7,400,1,0,0,0,1,0,0,1,0,1,0,0,372.19418833273687
1957,758,95000,1,5,147,76,48,165,210,0,0,0,0,113.22,3,7,450,0,1,0,1,0,0,0,1,0,1,0,0,500.41343730819386
1958,759,80000,1,4,147,76,32,285,330,0,0,0,0,89.55,1,7,520,0,1,0,1,0,0,1,0,1,0,0,0,532.6155081920305
1959,760,100000,1,4,147,76,8,645,400,0,0,0,0,114.79,2,7,880,1,0,0,1,0,0,0,1,1,0,0,0,804.4970680871552
1960,761,100000,1,3,147,76,38,285,330,0,0,0,0,159.67,2,7,420,0,1,0,1,0,0,1,0,1,0,0,0,480.75016334342996
1961,762,50000,1,4,147,76,82,165,210,0,0,0,0,81.34,0,7,400,0,1,0,1,0,0,1,0,1,0,0,0,416.9291807418369
1962,763,85000,1,6,147,76,82,210,260,0,0,0,0,52.63,1,7,600,1,0,0,1,0,0,0,1,0,1,0,0,475.0772231847397
1963,764,70000,1,5,147,76,82,165,210,0,0,0,0,40.61,0,7,450,1,0,0,1,0,0,1,0,0,0,0,1,449.5447492736055
1964,765,70000,1,4,147,76,42,285,330,0,0,0,0,84.6,5,7,520,1,0,0,1,0,0,1,0,1,0,0,0,475.626667560594
1965,766,70000,1,6,147,76,32,330,380,0,0,0,0,105.91,6,7,780,1,0,0,1,0,0,0,1,1,0,0,0,757.1774521604043
1966,767,70000,1,4,147,76,42,285,330,0,0,0,0,156.04,7,7,520,0,1,0,1,0,0,0,1,1,0,0,0,472.42261134132025
1967,768,45000,1,6,147,76,82,120,170,0,0,0,0,167.72,4,7,480,1,0,0,1,0,0,1,0,1,0,0,0,490.5121032984176
1968,769,65000,1,5,147,76,82,165,210,0,0,0,0,60.78,1,7,450,1,0,0,1,0,0,1,0,0,1,0,0,437.3754837606811
1969,770,95000,1,6,147,76,22,360,410,0,0,0,0,118.36,1,7,840,0,1,0,1,0,0,1,0,1,0,0,0,814.3234575657935
1970,771,45000,1,5,147,76,82,120,170,0,0,0,0,91.92,2,7,400,1,0,0,1,0,0,0,1,1,0,0,0,424.87619912672585
1971,772,90000,1,3,147,76,42,285,330,0,0,0,0,111.83,7,7,420,1,0,0,0,1,0,1,0,0,1,0,0,420.7751261625584
1972,773,45000,1,6,147,76,18,405,450,0,0,0,0,84.58,1,7,900,0,1,0,0,1,0,1,0,1,0,0,0,849.9106482204531
1973,774,60000,1,4,147,76,82,210,260,0,0,0,0,126.04,3,7,440,1,0,0,0,1,0,0,1,1,0,0,0,371.6063064829458
1974,775,75000,1,4,147,76,32,285,330,0,0,0,0,130.0,7,7,520,0,1,0,1,0,0,0,1,0,1,0,0,501.06439802081235
1975,776,80000,1,4,147,76,32,285,330,0,0,0,0,26.4,1,7,520,0,1,0,1,0,0,1,0,1,0,0,0,535.9952481218758
1976,777,75000,1,4,147,76,38,285,330,0,0,0,0,65.07,7,7,520,0,1,0,0,1,0,1,0,0,1,0,0,456.6324353555466
1977,778,70000,1,5,147,76,82,165,210,0,0,0,0,45.22,4,7,450,1,0,0,1,0,0,1,0,0,1,0,0,427.2085799328609
1978,779,65000,1,5,147,76,82,165,210,0,0,0,0,149.01,2,7,450,1,0,0,1,0,0,1,0,0,1,0,0,424.6305464628897
1979,780,50000,1,6,147,76,18,360,410,0,0,0,0,189.69,14,7,840,1,0,0,1,0,0,0,1,0,1,0,0,865.5279853587235
1980,781,40000,1,4,147,76,62,120,170,0,0,0,0,92.72,2,7,360,0,1,0,0,1,0,1,0,0,1,0,0,403.9363418748019
1981,782,90000,1,4,147,76,8,525,480,0,0,0,0,83.2,3,7,760,1,0,0,0,1,0,0,1,0,1,0,0,673.8622324929988
1982,783,65000,1,5,147,76,42,165,210,0,0,0,0,134.63,7,7,450,0,1,0,1,0,0,0,1,1,0,0,0,515.0373033333916
1983,784,95000,1,5,147,76,72,120,170,0,0,0,0,174.87,4,7,400,0,1,0,1,0,0,1,0,1,0,0,0,425.93515781614553
1984,785,90000,1,6,147,76,13,360,410,0,0,0,0,147.41,4,7,840,1,0,0,0,1,0,0,1,0,1,0,0,840.5090362615513
1985,786,90000,1,4,147,76,72,120,170,0,0,0,0,10.05,1,7,360,1,0,0,1,0,0,1,0,0,1,0,0,435.36658698987765
1986,787,90000,1,6,147,76,32,330,380,0,0,0,0,51.01,1,7,780,0,1,0,1,0,0,0,1,1,0,0,0,740.3321754565036
1987,788,90000,1,6,147,76,32,330,380,0,0,0,0,97.35,1,7,780,0,1,0,1,0,0,1,0,0,1,0,0,747.0143947649347
1988,789,90000,1,4,147,76,88,210,260,0,0,0,0,113.16,0,7,440,1,0,0,0,1,0,0,1,0,1,0,0,371.27546993545684
1989,790,90000,1,4,147,76,82,120,170,0,0,0,0,144.26,1,7,360,0,1,0,0,1,0,0,1,0,1,0,0,381.6007081845748
1990,791,40000,1,4,147,76,82,120,170,0,0,0,0,146.7,3,7,360,0,1,0,1,0,0,1,0,1,0,0,0,388.25706010631944
1991,792,90000,1,6,147,76,22,360,410,0,0,0,0,35.74,2,7,840,0,1,0,1,0,0,1,0,1,0,0,0,804.7111780950409
1992,793,95000,1,6,147,76,22,360,410,0,0,0,0,40.8,2,7,840,0,1,0,0,1,0,0,1,0,1,0,0,764.568321237492
1993,794,55000,1,3,147,76,42,285,330,0,0,0,0,73.41,3,7,420,0,1,0,1,0,0,0,1,0,1,0,0,444.3941078107975
1994,795,60000,1,5,147,76,82,165,210,0,0,0,0,111.36,3,7,450,0,1,0,0,1,0,0,1,0,1,0,0,408.99285351549145
1995,796,75000,1,4,147,76,32,285,330,0,0,0,0,34.13,1,7,520,0,1,0,0,1,0,1,0,1,0,0,0,491.88837692761894
1996,797,50000,1,4,147,76,82,165,210,0,0,0,0,64.03,1,7,400,0,1,0,1,0,0,0,1,0,1,0,0,416.3844456330624
1997,798,80000,1,4,147,76,42,285,330,0,0,0,0,86.21,1,7,520,0,1,0,0,1,0,1,0,0,1,0,0,461.63619070132785
1998,799,40000,1,5,147,76,82,165,210,0,0,0,0,92.27,4,7,450,1,0,0,0,1,0,1,0,1,0,0,0,436.9272458994983
1999,800,40000,1,4,147,76,82,120,170,0,0,0,0,106.78,3,7,360,0,1,0,0,1,0,1,0,1,0,0,0,386.48593256505274
2000,801,95000,1,6,246,79,22,360,410,0,0,0,0,205.64,5,7,840,1,0,0,0,1,0,0,1,0,1,0,0,850.3553146993746
2001,802,55000,1,3,246,79,38,285,330,0,0,0,0,296.2,8,7,420,0,1,0,0,1,0,1,0,0,1,0,0,456.6940122192661
2002,803,75000,1,4,246,79,38,285,330,0,0,0,0,325.53,7,7,520,0,1,0,0,1,0,0,1,1,0,0,0,533.8038233664981
2003,804,45000,1,3,246,79,38,285,330,0,0,0,0,310.64,6,7,420,1,0,0,0,1,0,1,0,1,0,0,0,457.0773560139495
2004,805,75000,1,4,246,79,38,285,330,0,0,0,0,254.26,5,7,520,0,1,0,0,1,0,0,1,1,0,0,0,541.8916347653786
2005,806,85000,1,3,246,79,38,285,330,0,0,0,0,255.38,8,7,420,0,1,0,0,1,0,0,1,0,1,0,0,469.90982696183323
2006,807,65000,1,5,246,79,13,405,450,0,0,0,0,262.15,7,7,750,0,1,0,0,1,0,1,0,0,1,0,0,801.5561333687431
2007,808,65000,1,5,246,79,82,165,210,0,0,0,0,171.29,3,7,450,1,0,0,0,1,0,1,0,0,1,0,0,505.1201251031045
2008,809,65000,1,4,246,79,42,285,330,0,0,0,0,200.86,6,7,520,0,1,0,0,1,0,1,0,0,1,0,0,537.7529379379553
2009,810,65000,1,4,246,79,42,285,330,0,0,0,0,104.24,4,7,520,1,0,0,0,1,0,1,0,1,0,0,0,552.8797000629436
2010,811,65000,1,3,246,79,42,285,330,0,0,0,0,170.66,4,7,420,1,0,0,0,1,0,0,1,0,1,0,0,473.93943920104783
2011,812,75000,1,4,246,79,48,285,330,0,0,0,0,45.49,1,7,520,1,0,0,0,1,0,1,0,0,1,0,0,571.4665400950953
2012,813,105000,1,5,246,79,13,450,500,0,0,0,0,112.22,1,7,800,0,1,0,1,0,0,1,0,0,1,0,0,859.9210184012302
2013,814,70000,1,5,246,79,82,165,210,0,0,0,0,104.62,2,7,450,1,0,0,0,1,0,0,1,0,1,0,0,524.301825712782
2014,815,95000,1,6,246,79,32,330,380,0,0,0,1,164.08,2,7,780,1,0,0,0,1,0,1,0,1,0,0,0,823.0616966850515
2015,816,65000,1,5,246,79,82,165,210,0,0,0,0,176.85,7,7,450,0,1,0,0,1,0,0,1,0,1,0,0,502.80050632569544
2016,817,55000,1,3,246,79,42,285,330,0,0,0,0,99.46,5,7,420,0,1,0,0,1,0,0,1,1,0,0,0,485.8994962116494
2017,818,65000,1,5,246,79,82,165,210,0,0,0,0,223.52,7,7,450,0,1,0,0,1,0,1,0,1,0,0,0,493.08404836740823
2018,819,85000,1,6,246,79,32,330,380,0,0,0,0,260.76,5,7,780,0,1,0,0,1,0,0,1,1,0,0,0,806.9066898233409
2019,820,50000,1,4,246,79,82,165,210,0,0,0,0,277.42,4,7,400,1,0,0,0,1,0,1,0,0,1,0,0,434.11223924569015
2020,821,105000,1,5,246,79,82,165,210,0,0,0,0,202.94,4,7,450,1,0,0,0,1,0,0,1,1,0,0,0,507.7926309385395
2021,822,95000,1,6,246,79,22,360,410,0,0,0,0,126.62,4,7,840,1,0,0,0,1,0,1,0,0,1,0,0,861.8748297009014
2022,823,80000,1,4,246,79,32,285,330,0,0,0,0,60.96,0,7,520,0,1,0,0,1,0,0,1,0,1,0,0,580.3205262098459
2023,824,80000,1,4,246,79,32,285,330,0,0,0,0,89.68,5,7,520,0,1,0,1,0,0,1,0,1,0,0,0,588.8534069580217
2024,825,95000,1,6,246,79,18,360,410,0,0,0,0,151.43,4,7,840,0,1,0,0,1,0,0,1,0,1,0,0,867.483292947587
2025,826,70000,1,5,246,79,82,165,210,0,0,0,0,100.09,0,7,450,0,1,0,0,1,0,0,1,1,0,0,0,527.3366077199167
2026,827,50000,1,4,246,79,82,165,210,0,0,0,0,43.17,1,7,400,1,0,0,1,0,0,0,1,1,0,0,0,467.5057951306138
2027,828,80000,1,6,246,79,32,330,380,0,0,0,0,131.14,0,7,780,1,0,0,0,1,0,1,0,0,1,0,0,830.877727131475
2028,829,105000,1,4,246,79,8,570,280,0,0,0,0,180.94,4,7,800,1,0,0,0,1,0,1,0,1,0,0,0,776.509640680918
2029,830,70000,1,5,246,79,42,165,210,0,0,0,0,132.26,1,7,450,1,0,0,1,0,0,0,1,1,0,0,0,540.5540684390885
2030,831,80000,1,4,246,79,32,285,330,0,0,0,0,205.3,2,7,520,0,1,0,0,1,0,1,0,0,1,0,0,559.9881882855975
2031,832,45000,1,3,246,79,42,285,330,0,0,0,0,239.78,12,7,420,0,1,0,0,1,0,0,1,0,1,0,0,458.41316218473986
2032,833,45000,1,3,246,79,42,285,330,0,0,0,0,169.0,12,7,420,0,1,0,0,1,0,1,0,0,1,0,0,472.5706929076414
2033,834,80000,1,3,246,79,42,285,330,0,0,0,1,38.83,0,7,420,0,1,0,1,0,0,0,1,1,0,0,0,525.4164090438296
2034,835,85000,1,6,246,79,32,330,380,0,0,0,0,88.24,1,7,780,0,1,0,0,1,0,1,0,1,0,0,0,837.0859848839831
2035,836,45000,1,3,246,79,42,285,330,0,0,0,0,166.37,3,7,420,0,1,0,0,1,0,0,1,1,0,0,0,469.104221879644
2036,837,105000,1,3,246,79,8,765,280,0,0,0,0,202.81,5,7,780,1,0,0,0,1,0,1,0,0,1,0,0,769.7525424555788
2037,838,50000,1,4,246,79,88,165,210,0,0,0,0,253.16,4,7,400,0,1,0,0,1,0,0,1,0,1,0,0,450.77856800308473
2038,839,50000,1,4,246,79,88,165,210,0,0,0,0,322.1,3,7,400,1,0,0,0,1,0,0,1,1,0,0,0,435.36429049474077
2039,840,55000,1,3,246,79,38,285,330,0,0,0,0,237.89,0,7,420,1,0,0,0,1,0,1,0,1,0,0,0,468.78365520489
2040,841,55000,1,3,246,79,42,285,330,0,0,0,0,132.85,0,7,420,0,1,0,0,1,0,1,0,0,1,0,0,480.9852712575139
2041,842,65000,1,5,246,79,42,165,210,0,0,0,0,283.73,4,7,450,0,1,0,1,0,0,0,1,0,1,0,0,508.25606526227614
2042,843,80000,1,3,246,79,42,285,330,0,0,0,0,268.2,8,7,420,1,0,0,1,0,0,0,1,0,1,0,0,466.90654591864705
2043,844,50000,1,4,246,79,88,165,210,0,0,0,0,234.4,5,7,400,0,1,0,1,0,0,0,1,0,1,0,0,436.0444519011952
2044,845,50000,1,4,246,79,88,165,210,0,0,0,0,255.34,9,7,400,1,0,0,1,0,0,0,1,0,1,0,0,425.7630238569793
2045,846,45000,1,3,246,79,42,285,330,0,0,0,0,245.6,2,7,420,1,0,0,1,0,0,0,1,1,0,0,0,469.9591422990177
2046,847,105000,1,3,246,79,8,450,500,0,0,0,0,278.26,7,7,540,1,0,0,0,1,0,0,1,1,0,0,0,629.5425891805703
2047,848,105000,1,6,246,79,18,360,410,0,0,0,0,158.45,8,7,840,0,1,0,0,1,0,1,0,0,1,0,0,848.4477197567927
2048,849,65000,1,5,246,79,42,165,210,0,0,0,0,60.27,6,7,450,0,1,0,0,1,0,1,0,0,1,0,0,525.8201184088057
2049,850,100000,1,6,246,79,32,330,380,0,0,0,0,268.88,2,7,780,1,0,0,0,1,0,0,1,1,0,0,0,810.3577549020656
2050,851,100000,1,4,246,79,62,120,170,0,0,0,0,367.14,1,7,360,0,1,0,0,1,0,1,0,1,0,0,0,393.57711848053634
2051,852,100000,1,4,246,79,62,120,170,0,0,0,0,322.61,1,7,360,0,1,0,0,1,0,1,0,1,0,0,0,400.1841548304724
2052,853,100000,1,3,246,79,42,285,330,0,0,0,0,276.59,1,7,420,0,1,0,0,1,0,1,0,1,0,0,0,489.02069302325754
2053,854,90000,1,6,246,79,32,330,380,0,0,0,0,193.02,3,7,780,0,1,0,0,1,0,0,1,0,1,0,0,818.7090275180544
2054,855,50000,1,5,246,79,88,165,210,0,0,0,0,170.06,7,7,450,1,0,0,1,0,0,1,0,0,1,0,0,482.72403063377016
2055,856,70000,1,5,246,79,42,165,210,0,0,0,0,92.42,3,7,450,0,1,0,0,1,0,1,0,0,1,0,0,527.0996300434799
2056,857,55000,1,3,246,79,42,285,330,0,0,0,0,217.86,6,7,420,0,1,0,1,0,0,0,1,0,1,0,0,468.5255158977609
2057,858,55000,1,6,246,79,32,330,380,0,0,0,0,208.2,3,7,780,1,0,0,0,1,0,0,1,0,1,0,0,807.9765311179057
2058,859,105000,1,6,246,79,72,210,260,0,0,0,0,354.35,0,7,600,1,0,0,0,1,0,0,1,0,1,0,0,611.4614781347306
2059,860,90000,1,6,246,79,72,210,260,0,0,0,0,340.07,9,7,600,0,1,0,0,1,0,0,1,0,1,0,0,601.220446759028
2060,861,85000,1,3,246,79,42,285,330,0,0,0,0,259.7,7,7,420,1,0,0,0,1,0,1,0,1,0,0,0,470.5947605381798
2061,862,65000,1,5,246,79,82,165,210,0,0,0,0,257.74,6,7,450,0,1,0,1,0,0,1,0,1,0,0,0,471.4059823117157
2062,863,65000,1,5,246,79,82,165,210,0,0,0,0,174.89,4,7,450,1,0,0,1,0,0,1,0,0,1,0,0,490.8233319997189
2063,864,45000,1,3,246,79,42,285,330,0,0,0,0,308.3,5,7,420,0,1,0,0,1,0,1,0,1,0,0,0,455.4030938961465
2064,865,60000,1,3,246,79,42,285,330,0,0,0,0,274.15,10,7,420,0,1,0,0,1,0,0,1,1,0,0,0,455.24307000171484
2065,866,60000,1,3,246,79,42,285,330,0,0,0,0,212.48,5,7,420,1,0,0,0,1,0,0,1,0,1,0,0,464.2028920891132
2066,867,105000,1,3,246,79,42,285,330,0,0,0,0,117.28,4,7,420,1,0,0,1,0,0,1,0,1,0,0,0,517.3746436095543
2067,868,100000,1,6,246,79,13,405,450,0,0,0,0,37.64,2,7,900,1,0,0,1,0,0,1,0,1,0,0,0,957.150693911942
2068,869,65000,1,5,246,79,82,165,210,0,0,0,0,95.52,1,7,450,0,1,0,0,1,0,0,1,0,1,0,0,526.1812445185037
2069,870,90000,1,6,246,79,18,360,410,0,0,0,0,169.1,2,7,840,1,0,0,0,1,0,0,1,0,1,0,0,874.8415647244619
2070,871,90000,1,5,246,79,82,165,210,0,0,0,0,278.0,7,7,450,1,0,0,0,1,0,0,1,0,1,0,0,481.7810781871372
2071,872,90000,1,3,246,79,8,765,280,0,0,0,0,254.75,4,7,780,0,1,0,0,1,0,1,0,1,0,0,0,774.3180741144604
2072,873,90000,1,4,246,79,32,285,330,0,0,0,0,346.9,5,7,520,1,0,0,0,1,0,0,1,1,0,0,0,545.5611415129008
2073,874,90000,1,4,246,79,88,165,210,0,0,0,0,417.0,9,7,400,0,1,0,0,1,0,1,0,1,0,0,0,415.6775014356963
2074,875,50000,1,4,246,79,88,165,210,0,0,0,0,405.19,12,7,400,0,1,0,0,1,0,0,1,0,1,0,0,410.8124423049752
2075,876,90000,1,6,246,79,18,405,450,0,0,0,0,413.7,6,7,900,0,1,0,0,1,0,1,0,0,1,0,0,860.9858620080322
2076,877,40000,1,4,246,79,62,120,170,0,0,0,0,349.95,6,7,360,0,1,0,0,1,0,1,0,1,0,0,0,382.1760348470797
2077,878,80000,1,4,246,79,32,285,330,0,0,0,0,202.08,4,7,520,0,1,0,0,1,0,1,0,0,1,0,0,558.2450425163534
2078,879,50000,1,4,246,79,88,165,210,0,0,0,0,294.33,5,7,400,0,1,0,0,1,0,1,0,1,0,0,0,439.49844041129387
2079,880,60000,1,3,246,79,42,285,330,0,0,0,0,424.84,3,7,420,0,1,0,0,1,0,1,0,1,0,0,0,448.5132398370507
2080,881,105000,1,3,246,79,8,720,380,0,0,0,0,52.4,0,7,750,0,1,0,0,1,0,0,1,0,1,0,0,797.8775204841663
2081,882,55000,1,3,246,79,8,765,280,0,0,0,0,196.73,1,7,780,1,0,0,1,0,0,0,1,1,0,0,0,834.7978462593499
2082,883,75000,1,5,246,79,42,165,210,0,0,0,0,278.23,0,7,450,1,0,0,1,0,0,1,0,0,1,0,0,519.2735785160556
2083,884,70000,1,5,246,79,42,165,210,0,0,0,0,171.01,7,7,450,0,1,0,1,0,0,1,0,1,0,0,0,521.4763641022345
2084,885,70000,1,5,246,79,42,165,210,0,0,0,0,102.96,7,7,450,1,0,0,1,0,0,0,1,0,1,0,0,533.2126864311787
2085,886,60000,1,3,246,79,42,285,330,0,0,0,0,91.55,1,7,420,0,1,0,1,0,0,1,0,0,1,0,0,497.587670122114
2086,887,50000,1,4,246,79,88,165,210,0,0,0,0,98.68,2,7,400,1,0,0,1,0,0,0,1,1,0,0,0,462.28432197835605
2087,888,50000,1,4,246,79,88,165,210,0,0,0,0,258.05,1,7,400,0,1,0,1,0,0,0,1,1,0,0,0,442.7330463814429
2088,889,95000,1,6,246,79,8,405,450,0,0,0,0,187.95,1,7,900,0,1,0,1,0,0,0,1,0,1,0,0,962.239963890819
2089,890,60000,1,4,246,79,42,285,330,0,0,0,0,227.38,6,7,520,0,1,0,0,1,0,1,0,0,1,0,0,535.0611878602265
2090,891,100000,1,4,246,79,7,570,280,0,0,0,1,167.24,3,7,800,0,1,0,0,1,0,1,0,1,0,0,0,785.1510705643653
2091,892,100000,1,6,246,79,17,360,410,0,0,0,0,190.38,5,7,840,1,0,0,1,0,0,1,0,0,1,0,0,888.1850335715884
2092,893,100000,1,6,246,79,32,330,380,0,0,0,0,88.57,4,7,780,1,0,0,0,1,0,0,1,0,1,0,0,821.5393376010461
2093,894,100000,1,6,246,79,72,210,260,0,0,0,0,60.77,0,7,600,0,1,0,1,0,0,1,0,1,0,0,0,657.6115343128383
2094,895,100000,1,3,246,79,42,285,330,0,0,0,0,200.83,8,7,420,0,1,0,0,1,0,0,1,0,1,0,0,488.6226904868447
2095,896,100000,1,6,246,79,32,330,380,0,0,0,0,205.06,8,7,780,1,0,0,0,1,0,0,1,1,0,0,0,795.6686815682239
2096,897,40000,1,6,246,79,17,360,410,0,0,0,0,158.38,7,7,840,1,0,0,0,1,0,0,1,1,0,0,0,869.6011550427452
2097,898,100000,1,3,246,79,7,360,410,0,0,0,0,150.12,5,7,840,0,1,0,1,0,0,1,0,0,1,0,0,621.4169673673599
2098,899,40000,1,4,246,79,82,120,170,0,0,0,0,38.08,0,7,360,1,0,0,1,0,0,1,0,0,1,0,0,451.90957073729214
2099,900,105000,1,6,246,79,17,405,450,0,0,0,0,103.58,2,7,900,1,0,0,1,0,0,1,0,0,1,0,0,924.6647305025905
2100,901,100000,1,3,306,81,7,765,280,0,0,0,0,312.75,9,7,780,1,0,0,1,0,0,0,1,0,1,0,0,811.0867344193389
2101,902,105000,1,6,306,81,32,330,380,0,0,0,0,236.03,0,7,780,1,0,0,1,0,0,0,1,0,1,0,0,809.8628067407491
2102,903,45000,1,3,306,81,42,285,330,0,0,0,0,278.79,0,7,420,1,0,0,0,1,0,1,0,1,0,0,0,447.2244194837954
2103,904,105000,1,5,306,81,72,165,210,0,0,0,0,166.71,0,7,450,1,0,0,0,1,0,1,0,0,1,0,0,489.9498370310016
2104,905,40000,1,4,306,81,72,120,170,0,0,0,0,227.27,2,7,360,0,1,0,0,1,0,1,0,1,0,0,0,367.65138839345974
2105,906,75000,1,4,306,81,42,285,330,0,0,0,0,281.37,7,7,520,1,0,0,0,1,0,0,1,0,1,0,0,524.5751240770416
2106,907,40000,1,4,306,81,82,120,170,0,0,0,0,279.51,5,7,360,1,0,0,0,1,0,0,1,0,1,0,0,361.5688531593657
2107,908,70000,1,5,306,81,72,165,210,0,0,0,0,156.26,8,7,450,0,1,0,0,1,0,0,1,0,1,0,0,471.0725938763542
2108,909,45000,1,3,306,81,42,285,330,0,0,0,0,244.44,2,7,420,0,1,0,0,1,0,0,1,0,1,0,0,447.59391477784914
2109,910,85000,1,6,306,81,17,405,450,0,0,0,0,317.65,5,7,900,1,0,0,0,1,0,1,0,0,1,0,0,901.0614536847752
2110,911,65000,1,5,306,81,72,165,210,0,0,0,0,317.83,12,7,450,0,1,0,0,1,0,1,0,1,0,0,0,454.2529744156568
2111,912,65000,1,5,306,81,72,165,210,0,0,0,0,343.01,12,7,450,0,1,0,0,1,0,0,1,1,0,0,0,452.7581149571247
2112,913,75000,1,4,306,81,42,285,330,0,0,0,0,394.97,9,7,520,0,1,0,0,1,0,0,1,1,0,0,0,516.5539943231452
2113,914,90000,1,6,306,81,17,360,410,0,0,0,0,324.3,7,7,840,1,0,0,0,1,0,0,1,0,1,0,0,853.2289214709149
2114,915,90000,1,6,306,81,17,360,410,0,0,0,0,343.83,9,7,840,1,0,0,0,0,1,0,1,0,1,0,0,806.4027471222153
2115,916,90000,1,4,306,81,42,285,330,0,0,0,0,349.26,6,7,520,0,1,0,0,1,0,1,0,1,0,0,0,524.6168166502885
2116,917,90000,1,4,306,81,7,570,280,0,0,0,0,375.37,10,7,800,0,1,0,0,1,0,1,0,0,1,0,0,763.9574263625501
2117,918,90000,1,6,306,81,17,360,410,0,0,0,0,90.67,8,7,840,1,0,0,1,0,0,0,1,1,0,0,0,878.3501920460491
2118,919,90000,1,3,306,81,42,285,330,0,0,0,0,149.16,5,7,420,1,0,0,1,0,0,0,1,0,1,0,0,477.0588090894189
2119,920,75000,1,4,306,81,32,285,330,0,0,0,0,119.0,9,7,520,1,0,0,1,0,0,0,1,0,1,0,0,563.4635869301128
2120,921,100000,1,4,306,81,7,645,400,0,0,0,0,223.45,10,7,880,1,0,0,0,1,0,1,0,1,0,0,0,870.4712533482419
2121,922,70000,1,5,306,81,72,165,210,0,0,0,0,247.0,2,7,450,1,0,0,0,1,0,0,1,1,0,0,0,465.1829503385703
2122,923,95000,1,6,306,81,17,360,410,0,0,0,0,111.14,1,7,840,1,0,0,1,0,0,1,0,0,0,0,1,885.8300251964797
2123,924,60000,1,3,306,81,37,285,330,0,0,0,0,163.23,2,7,420,1,0,0,0,1,0,1,0,1,0,0,0,459.2209139075643
2124,925,70000,1,6,306,81,32,330,380,0,0,0,0,159.89,3,7,780,1,0,0,0,1,0,0,1,1,0,0,0,812.1309036495677
2125,926,75000,1,4,306,81,42,285,330,0,0,0,0,281.17,9,7,520,0,1,0,0,1,0,1,0,0,1,0,0,523.3099516853752
2126,927,80000,1,4,306,81,42,150,200,0,0,0,0,81.27,1,7,520,1,0,0,1,0,0,0,1,0,1,0,0,450.98880501512195
2127,928,75000,1,4,306,81,42,350,400,0,0,0,0,199.46,6,7,520,1,0,0,0,1,0,0,1,1,0,0,0,591.3932739291772
2128,929,105000,1,3,306,81,7,550,450,0,0,0,0,149.69,4,7,780,1,0,0,0,1,0,1,0,0,1,0,0,742.3722144064639
2129,930,45000,1,3,306,81,42,285,330,0,0,0,0,223.37,5,7,420,1,0,0,0,1,0,0,1,0,1,0,0,446.9168979504274
2130,931,45000,1,6,306,81,92,285,330,0,0,0,0,295.1,6,7,420,0,1,0,0,1,0,0,1,0,1,0,0,523.8379899850531
2131,932,45000,1,4,306,81,82,120,170,0,0,0,0,336.15,15,7,360,0,1,0,0,1,0,0,1,0,1,0,0,343.3603387583707
2132,933,45000,1,4,306,81,7,360,410,0,0,0,0,320.33,13,7,800,0,1,0,0,1,0,1,0,1,0,0,0,651.8000200697616
2133,934,45000,1,4,306,81,42,285,330,0,0,0,0,272.39,3,7,520,0,1,0,0,1,0,1,0,0,1,0,0,525.623609185639
2134,935,50000,1,4,306,81,82,120,170,0,0,0,0,256.01,14,7,360,0,1,0,0,1,0,0,1,1,0,0,0,361.90191034656755
2135,936,75000,1,4,306,81,42,350,400,0,0,0,0,188.49,6,7,520,1,0,0,0,1,0,1,0,0,1,0,0,592.0271211864077
2136,937,80000,1,6,306,81,17,405,450,0,0,0,0,109.07,3,7,900,1,0,0,0,1,0,0,1,1,0,0,0,926.8352872134875
2137,938,105000,1,3,306,81,62,210,260,0,0,0,0,144.25,0,7,360,1,0,0,1,0,0,0,1,0,1,0,0,421.5482043338362
2138,939,75000,1,4,306,81,32,285,330,0,0,0,0,63.81,1,7,520,1,0,0,0,1,0,1,0,0,1,0,0,569.4735662065738
2139,940,90000,1,6,306,81,17,360,410,0,0,0,0,67.54,1,7,840,1,0,0,1,0,0,0,1,1,0,0,0,892.977899840886
2140,941,85000,1,6,306,81,17,405,450,0,0,0,0,38.83,1,7,900,0,1,0,1,0,0,1,0,1,0,0,0,934.1678925220051
2141,942,45000,1,3,306,81,42,285,330,0,0,0,0,96.02,3,7,420,0,1,0,0,1,0,1,0,1,0,0,0,458.3608960847629
2142,943,100000,1,3,306,81,42,150,200,0,0,0,0,188.74,16,7,420,1,0,0,1,0,0,1,0,1,0,0,0,367.48140439800704
2143,944,50000,1,4,306,81,82,120,170,0,0,0,0,146.25,6,7,360,1,0,0,1,0,0,0,1,0,1,0,0,376.20092997856887
2144,945,65000,1,5,306,81,72,165,210,0,0,0,0,179.51,2,7,450,1,0,0,0,1,0,1,0,1,0,0,0,468.98098536618636
2145,946,75000,1,4,306,81,42,285,330,0,0,0,0,139.04,1,7,520,1,0,0,0,1,0,0,1,1,0,0,0,542.4354603096436
2146,947,75000,1,4,306,81,37,280,330,0,0,0,0,243.4,10,7,520,1,0,0,0,1,0,1,0,0,1,0,0,527.1789379871209
2147,948,75000,1,4,306,81,37,285,330,0,0,0,0,71.03,0,7,520,0,1,0,1,0,0,1,0,1,0,0,0,583.2317768694925
2148,949,75000,1,6,306,81,17,200,250,0,0,0,0,115.97,3,7,840,0,1,0,0,1,0,1,0,0,1,0,0,712.312363752268
2149,950,75000,1,4,306,81,72,120,170,0,0,0,0,187.0,12,7,360,1,0,0,0,1,0,0,1,1,0,0,0,367.205122057699
2150,951,75000,1,3,306,81,37,150,200,0,0,0,0,107.84,7,7,420,1,0,0,0,1,0,1,0,0,1,0,0,372.62682340509065
2151,952,40000,1,4,306,81,72,120,170,0,0,0,0,131.32,5,7,360,1,0,0,0,1,0,1,0,1,0,0,0,384.169361521265
2152,953,55000,1,3,306,81,37,285,330,0,0,0,0,201.23,6,7,420,1,0,0,0,1,0,0,1,1,0,0,0,451.07523723254667
2153,954,100000,1,4,306,81,22,360,410,0,0,0,0,214.7,11,7,600,1,0,0,0,1,0,1,0,0,1,0,0,645.3907602342825
2154,955,45000,1,3,306,81,37,285,330,0,0,0,0,272.03,17,7,420,1,0,0,0,1,0,0,1,0,1,0,0,441.6702943005662
2155,956,45000,1,6,306,81,47,210,260,0,0,0,0,419.31,26,7,600,1,0,0,0,1,0,0,1,1,0,0,0,600.0517395429126
2156,957,40000,1,4,306,81,72,120,170,0,0,0,0,405.05,27,7,360,1,0,0,0,1,0,0,1,0,1,0,0,334.8059704762167
2157,958,55000,1,3,306,81,42,285,330,0,0,0,0,792.91,37,11,420,1,0,0,0,1,0,1,0,0,0,0,1,374.7159844892996
2158,959,95000,1,6,306,81,47,210,260,0,0,0,0,648.04,25,7,600,1,0,0,0,1,0,0,1,0,1,0,0,583.2289914181251
2159,960,50000,1,4,306,81,72,120,170,0,0,0,0,569.08,25,7,360,1,0,0,0,1,0,1,0,0,1,0,0,315.7593850278611
2160,961,60000,1,3,306,81,37,285,330,0,0,0,0,494.01,19,7,420,1,0,0,0,1,0,1,0,0,1,0,0,425.2900476991332
2161,962,60000,1,6,306,81,47,210,260,0,0,0,0,465.7,19,7,600,1,0,0,0,1,0,1,0,0,1,0,0,602.4689530499431
2162,963,85000,1,6,306,81,47,210,260,0,0,0,0,611.74,23,7,600,1,0,0,0,1,0,0,1,0,1,0,0,586.6852651388165
2163,964,105000,1,3,306,81,32,330,380,0,0,0,0,730.95,30,7,450,1,0,0,0,1,0,0,1,1,0,0,0,457.7934486758538
2164,965,85000,1,6,306,81,47,210,260,0,0,0,0,644.66,33,7,600,1,0,0,0,1,0,0,1,1,0,0,0,577.6418947013169
2165,966,50000,1,4,306,81,72,120,170,0,0,0,0,475.62,24,7,360,1,0,0,0,1,0,1,0,1,0,0,0,324.6943508579454
2166,967,100000,1,4,306,81,47,285,330,0,0,0,1,576.34,29,7,520,1,0,0,0,1,0,1,0,0,1,0,0,489.45745701109604
2167,968,65000,1,5,306,81,72,165,210,0,0,0,0,472.02,22,11,450,1,0,0,0,1,0,0,1,0,1,0,0,463.22248548426484
2168,969,65000,1,6,306,81,47,210,260,0,0,0,0,390.23,26,7,600,1,0,0,0,1,0,1,0,0,1,0,0,603.8118087924817
2169,970,65000,1,6,306,81,47,210,260,0,0,0,0,328.87,26,7,600,1,0,0,0,1,0,1,0,1,0,0,0,610.3934507614689
2170,971,65000,1,4,306,81,72,165,210,0,0,0,0,241.15,11,7,400,1,0,0,0,1,0,0,1,0,1,0,0,385.4692686270903
2171,972,65000,1,4,306,81,72,120,170,0,0,0,0,141.82,1,7,360,1,0,0,0,1,0,1,0,1,0,0,0,380.6459072172478
2172,973,105000,1,3,306,81,7,350,400,0,0,0,0,68.88,1,7,540,1,0,0,1,0,0,0,1,1,0,0,0,612.231006634293
2173,974,105000,1,4,306,81,32,330,380,0,0,0,0,129.6,3,7,560,1,0,0,0,1,0,1,0,0,1,0,0,617.3097510678979
2174,975,95000,1,5,306,81,72,165,210,0,0,0,0,256.73,22,7,450,1,0,0,0,1,0,1,0,0,1,0,0,456.82553751706695
2175,976,60000,1,3,306,81,42,285,330,0,0,0,0,320.25,21,7,420,1,0,0,0,1,0,0,1,1,0,0,0,432.21841878331134
2176,977,85000,1,6,306,81,77,210,260,0,0,0,0,99.92,7,7,600,0,1,0,1,0,0,1,0,0,1,0,0,601.290850592663
2177,978,100000,1,6,306,81,77,210,260,0,0,0,0,349.89,6,7,600,0,1,0,0,1,0,1,0,0,1,0,0,571.9579170445159
2178,979,70000,1,5,306,81,72,165,210,0,0,0,0,562.47,9,7,450,1,0,0,0,1,0,1,0,1,0,0,0,441.9848026863996
2179,980,50000,1,4,306,81,72,165,210,0,0,0,0,711.4,6,7,400,1,0,0,0,1,0,0,1,1,0,0,0,353.13985492995596
2180,981,85000,1,6,306,81,77,210,260,0,0,0,0,678.28,13,7,600,1,0,0,0,1,0,1,0,1,0,0,0,553.8538794276315
2181,982,80000,1,4,306,81,42,285,330,0,0,0,0,801.24,21,7,520,0,1,0,0,1,0,1,0,0,1,0,0,485.1125013215872
2182,983,80000,1,5,306,81,72,165,210,0,0,0,0,848.38,3,7,450,1,0,0,0,1,0,0,1,0,1,0,0,429.52191308339286
2183,984,80000,1,6,306,81,77,210,260,0,0,0,0,777.41,12,7,600,1,0,0,0,1,0,0,1,0,1,0,0,551.3154208054273
2184,985,80000,1,3,306,81,42,285,330,0,0,0,0,867.16,10,7,420,0,1,0,0,1,0,1,0,0,1,0,0,404.9906779383314
2185,986,85000,1,6,306,81,77,210,260,0,0,0,0,818.21,12,7,600,1,0,0,0,1,0,1,0,1,0,0,0,549.2330367233661
2186,987,55000,1,3,306,81,37,285,330,0,0,0,0,888.79,18,7,420,0,1,0,0,1,0,1,0,0,1,0,0,402.1519045138989
2187,988,55000,1,4,306,81,37,285,330,0,0,0,0,738.36,5,7,520,1,0,0,0,1,0,1,0,1,0,0,0,502.6153770396056
2188,989,60000,1,6,306,81,47,210,260,0,0,0,0,675.67,8,7,600,1,0,0,0,1,0,0,1,1,0,0,0,595.9208491891358
2189,990,90000,1,6,306,81,47,210,260,0,0,0,0,636.03,1,7,600,1,0,0,0,1,0,0,1,0,1,0,0,604.2559497053614
2190,991,45000,1,3,306,81,42,285,330,0,0,0,0,581.61,1,7,420,1,0,0,0,1,0,1,0,1,0,0,0,425.3111041711977
2191,992,45000,1,3,306,81,42,285,330,0,0,0,0,504.73,7,7,420,1,0,0,0,1,0,1,0,1,0,0,0,426.33714170231156
2192,993,45000,1,3,306,81,7,400,450,0,0,0,0,554.22,1,7,570,0,1,0,0,1,0,0,1,0,1,0,0,589.0780688280367
2193,994,45000,1,4,306,81,82,120,170,0,0,0,0,476.18,3,7,360,1,0,0,0,1,0,1,0,1,0,0,0,339.49338122366873
2194,995,45000,1,6,306,81,47,210,260,0,0,0,0,419.65,0,7,600,0,1,0,0,1,0,1,0,1,0,0,0,625.6660526122635
2195,996,45000,1,5,306,81,72,165,210,0,0,0,0,572.07,12,7,450,1,0,0,0,1,0,1,0,0,1,0,0,437.8003768134149
2196,997,45000,1,6,306,81,47,150,200,0,0,0,0,479.15,4,7,600,1,0,0,0,1,0,1,0,1,0,0,0,553.9857862407871
2197,998,105000,1,4,306,81,32,330,380,0,0,0,0,353.14,5,7,560,0,1,0,0,1,0,0,1,0,1,0,0,586.9606324633878
2198,999,95000,1,6,306,81,47,210,260,0,0,0,0,542.37,10,7,600,1,0,0,0,1,0,0,1,0,1,0,0,604.9543460671305
2199,1000,50000,1,4,306,81,72,165,210,0,0,0,0,349.41,7,7,400,1,0,0,0,1,0,1,0,0,1,0,0,378.0119960165664
2200,1001,60000,1,3,168,74,42,285,330,0,0,0,0,89.81,1,7,420,1,0,0,0,1,0,1,0,1,0,0,0,434.2872593766716
2201,1002,55000,1,6,168,74,77,210,260,0,0,0,0,127.12,3,7,600,1,0,0,0,1,0,1,0,1,0,0,0,522.9534174495753
2202,1003,40000,1,4,168,74,82,280,330,0,0,0,0,155.24,1,7,360,1,0,0,0,1,0,0,1,1,0,0,0,360.42854927038553
2203,1004,40000,1,4,168,74,82,120,170,0,0,0,0,230.2,6,7,360,1,0,0,0,1,0,1,0,0,1,0,0,371.04698350365913
2204,1005,105000,1,6,168,74,42,180,230,0,0,0,0,190.37,10,7,720,1,0,0,0,1,0,0,1,0,1,0,0,616.4231411191441
2205,1006,85000,1,6,168,74,32,330,380,0,0,0,0,195.8,3,7,780,1,0,0,0,0,1,1,0,0,0,1,0,715.0153304958687
2206,1007,100000,1,4,168,74,7,480,300,0,0,0,0,190.34,9,7,720,1,0,0,0,1,0,0,1,0,1,0,0,749.3116461970853
2207,1008,100000,1,6,168,74,37,285,330,0,0,0,0,113.44,14,7,720,1,0,0,0,1,0,1,0,0,1,0,0,744.7144935762118
2208,1009,85000,1,6,168,74,47,210,260,0,0,0,0,186.42,2,7,600,0,1,0,0,1,0,1,0,1,0,0,0,617.8293158253955
2209,1010,105000,1,6,168,74,32,330,380,0,0,0,0,82.46,2,7,780,1,0,0,0,1,0,1,0,0,1,0,0,785.7841712012015
2210,1011,50000,1,4,168,74,82,120,170,0,0,0,0,156.71,6,7,360,1,0,0,0,1,0,1,0,0,1,0,0,362.2098005821877
2211,1012,60000,1,3,168,74,42,285,330,0,0,0,0,218.08,8,7,420,1,0,0,0,1,0,0,1,1,0,0,0,437.8618284009921
2212,1013,105000,1,6,168,74,42,150,200,0,0,0,0,166.4,4,7,720,1,0,0,1,0,0,1,0,1,0,0,0,605.8791061850109
2213,1014,95000,1,6,168,74,32,330,380,0,0,0,0,133.65,1,7,780,1,0,0,1,0,0,1,0,1,0,0,0,780.5981389730832
2214,1015,85000,1,6,168,74,42,285,330,0,0,0,0,107.87,3,7,720,1,0,0,1,0,0,0,1,0,0,0,1,706.675015335049
2215,1016,100000,1,6,168,74,32,330,380,0,0,0,0,78.26,3,7,780,1,0,0,1,0,0,0,1,1,0,0,0,771.4210453120654
2216,1017,75000,1,4,168,74,42,285,330,0,0,0,0,124.53,7,7,520,0,1,0,0,1,0,1,0,0,1,0,0,497.6713148767153
2217,1018,90000,1,6,168,74,32,200,250,0,0,0,0,127.53,4,7,780,1,0,0,1,0,0,1,0,1,0,0,0,683.2375529774968
2218,1019,45000,1,3,168,74,42,285,330,0,0,0,0,156.59,12,7,420,0,1,0,0,1,0,1,0,1,0,0,0,444.28284657881215
2219,1020,65000,1,5,168,74,12,405,450,0,0,0,0,81.02,3,7,750,1,0,0,1,0,0,1,0,1,0,0,0,824.2003683592984
2220,1021,65000,1,5,168,74,72,165,210,0,0,0,0,47.01,3,7,450,1,0,0,1,0,0,1,0,0,1,0,0,429.5375915040468
2221,1022,85000,1,6,168,74,37,285,330,0,0,0,0,77.16,3,7,720,0,1,0,0,1,0,0,1,1,0,0,0,727.143107521458
2222,1023,105000,1,6,168,74,22,360,410,0,0,0,0,86.0,0,7,840,1,0,0,1,0,0,1,0,1,0,0,0,850.4692377497937
2223,1024,50000,1,4,168,74,77,165,210,0,0,0,1,170.11,10,7,400,0,1,0,1,0,0,0,1,1,0,0,0,373.6612233765443
2224,1025,50000,1,6,168,74,22,360,410,0,0,0,0,104.81,6,7,840,1,0,0,1,0,0,1,0,1,0,0,0,877.205125176307
2225,1026,50000,1,4,168,74,72,120,170,0,0,0,0,79.16,3,7,360,1,0,0,0,1,0,0,1,0,1,0,0,362.2943016008539
2226,1027,50000,1,4,168,74,77,165,210,0,0,0,0,158.86,15,7,400,1,0,0,0,1,0,0,1,1,0,0,0,395.56533019777504
2227,1028,70000,1,5,168,74,72,165,210,0,0,0,0,113.6,5,7,450,0,1,0,1,0,0,1,0,0,1,0,0,434.9858039657952
2228,1029,100000,1,6,168,74,47,210,260,0,0,0,0,69.66,1,7,600,0,1,0,0,1,0,1,0,0,1,0,0,612.6129949720212
2229,1030,100000,1,6,168,74,47,210,260,0,0,0,0,141.43,2,7,600,0,1,0,0,1,0,0,1,0,1,0,0,615.8846421364049
2230,1031,40000,1,4,168,74,72,120,170,0,0,0,0,133.6,3,7,360,0,1,0,1,0,0,0,1,1,0,0,0,360.8643082214355
2231,1032,55000,1,3,168,74,37,285,330,0,0,0,0,182.92,9,7,420,0,1,0,1,0,0,1,0,1,0,0,0,442.4504383050041
2232,1033,40000,1,4,168,74,72,120,170,0,0,0,0,138.5,11,7,360,0,1,0,1,0,0,0,1,0,1,0,0,354.04666737041276
2233,1034,40000,1,3,168,74,37,300,350,0,0,0,0,76.58,1,7,420,1,0,0,0,1,0,1,0,0,1,0,0,439.12456103985545
2234,1035,40000,1,3,168,74,37,285,330,0,0,0,0,46.62,0,7,420,1,0,0,0,1,0,1,0,0,1,0,0,430.50673373474496
2235,1036,45000,1,3,168,74,37,180,230,0,0,0,0,114.34,3,7,420,1,0,0,1,0,0,0,1,0,1,0,0,396.7957462769043
2236,1037,75000,1,4,168,74,37,285,330,0,0,0,0,49.48,0,7,520,1,0,0,0,1,0,0,1,0,1,0,0,513.435868631829
2237,1038,55000,1,3,168,74,37,285,330,0,0,0,0,143.54,7,7,420,1,0,0,0,1,0,1,0,1,0,0,0,440.8057178915477
2238,1039,50000,1,4,168,74,72,165,210,0,0,0,0,85.01,3,7,400,1,0,0,0,1,0,0,1,1,0,0,0,377.5747984592186
2239,1040,60000,1,3,168,74,37,200,250,0,0,0,0,156.01,9,7,420,1,0,0,0,1,0,0,1,1,0,0,0,400.8316788072404
2240,1041,45000,1,3,168,74,42,285,330,0,0,0,0,101.91,5,7,420,1,0,0,0,1,0,1,0,0,1,0,0,429.4011534979729
2241,1042,60000,1,3,168,74,37,285,330,0,0,0,0,92.89,4,7,420,1,0,0,0,1,0,1,0,0,1,0,0,439.4280709570655
2242,1043,80000,1,4,168,74,37,150,200,0,0,0,0,44.65,0,7,520,1,0,0,0,1,0,1,0,0,1,0,0,438.69523514439203
2243,1044,55000,1,3,168,74,42,285,330,0,0,0,0,105.8,0,7,420,0,1,0,1,0,0,1,0,1,0,0,0,441.2815062395991
2244,1045,70000,1,5,168,74,72,165,210,0,0,0,0,60.31,11,7,450,1,0,0,1,0,0,1,0,0,1,0,0,428.32337445074506
2245,1046,65000,1,5,168,74,72,165,210,0,0,0,0,107.28,4,7,450,0,1,0,0,1,0,1,0,0,1,0,0,444.23130262090774
2246,1047,95000,1,6,168,74,47,210,260,0,0,0,0,157.54,1,7,600,0,1,0,0,1,0,0,1,0,1,0,0,616.6113003366872
2247,1048,70000,1,5,168,74,72,165,210,0,0,0,0,200.01,4,7,450,0,1,0,0,1,0,0,1,1,0,0,0,447.16824006255854
2248,1049,105000,1,3,168,74,12,500,550,0,0,0,0,236.08,4,7,540,0,1,0,0,1,0,1,0,0,1,0,0,621.9601871954735
2249,1050,105000,1,4,168,74,32,330,380,0,0,0,0,222.0,1,7,560,0,1,0,0,1,0,1,0,0,1,0,0,567.7415429402084
2250,1051,60000,1,3,168,74,37,285,330,0,0,0,0,286.5,7,7,420,1,0,0,0,1,0,0,1,1,0,0,0,449.9765087537375
2251,1052,95000,1,6,168,74,47,210,260,0,0,0,0,285.95,1,7,600,0,1,0,0,1,0,1,0,0,1,0,0,631.9518431715094
2252,1053,90000,1,6,168,74,47,210,260,0,0,0,0,162.56,5,7,600,1,0,0,0,1,0,0,1,0,1,0,0,616.204334566705
2253,1054,95000,1,6,168,74,47,100,150,0,0,0,0,256.56,6,7,600,1,0,0,1,0,0,1,0,1,0,0,0,561.1218857580338
2254,1055,95000,1,6,168,74,47,210,260,0,0,0,0,171.09,5,7,600,0,1,0,1,0,0,1,0,0,1,0,0,632.2060755976077
2255,1056,100000,1,6,168,74,47,210,260,0,0,0,0,150.36,0,7,600,0,1,0,0,1,0,1,0,0,1,0,0,616.8625189908312
2256,1057,40000,1,4,168,74,72,300,350,0,0,0,0,249.83,2,7,360,1,0,0,0,1,0,0,1,0,1,0,0,408.003245324645
2257,1058,45000,1,3,168,74,37,285,330,0,0,0,0,325.07,5,7,420,1,0,0,0,1,0,0,1,0,1,0,0,456.51236270970134
2258,1059,70000,1,5,168,74,72,165,210,0,0,0,0,319.27,1,7,450,0,1,0,1,0,0,0,1,1,0,0,0,466.33453271560813
2259,1060,70000,1,5,168,74,72,165,210,0,0,0,0,259.12,0,7,450,1,0,0,1,0,0,1,0,0,1,0,0,460.1235540643527
2260,1061,80000,1,4,168,74,37,285,330,0,0,0,0,179.64,1,7,520,0,1,0,1,0,0,0,1,0,1,0,0,515.6191657637191
2261,1062,50000,1,4,168,74,72,165,210,0,0,0,0,277.14,1,7,400,1,0,0,0,1,0,0,1,1,0,0,0,381.4212101953957
2262,1063,75000,1,4,168,74,32,200,250,0,0,0,0,159.81,1,7,520,1,0,0,0,1,0,0,1,1,0,0,0,458.63498392623285
2263,1064,55000,1,3,168,74,42,285,330,0,0,0,0,127.14,1,7,420,1,0,0,0,1,0,1,0,1,0,0,0,424.1742476535725
2264,1065,75000,1,4,168,74,32,285,330,0,0,0,0,48.85,0,7,520,0,1,0,0,1,0,0,1,1,0,0,0,523.9332358282502
2265,1066,75000,1,4,168,74,37,150,200,0,0,0,0,101.08,2,7,520,1,0,0,1,0,0,1,0,1,0,0,0,455.9177720680173
2266,1067,75000,1,6,168,74,47,210,260,0,0,0,0,176.51,1,7,600,1,0,0,0,1,0,1,0,1,0,0,0,616.0001744787327
2267,1068,75000,1,4,168,74,32,285,330,0,0,0,0,204.13,0,7,520,1,0,0,0,1,0,1,0,1,0,0,0,521.12566114725
2268,1069,60000,1,3,168,74,42,285,330,0,0,0,0,281.04,1,7,420,0,1,0,0,1,0,0,1,0,1,0,0,431.0269702368345
2269,1070,90000,1,6,168,74,47,210,260,0,0,0,0,252.24,2,7,600,1,0,0,0,1,0,1,0,0,1,0,0,626.6182255602073
2270,1071,100000,1,4,168,74,22,200,250,0,0,0,0,264.37,3,7,600,0,1,0,0,1,0,1,0,1,0,0,0,509.47788160993787
2271,1072,90000,1,6,168,74,47,210,260,0,0,0,0,192.21,4,7,600,1,0,0,1,0,0,1,0,1,0,0,0,633.228364455438
2272,1073,70000,1,5,168,74,72,165,210,0,0,0,0,125.26,0,7,450,1,0,0,1,0,0,0,1,1,0,0,0,442.57691017940317
2273,1074,60000,1,3,168,74,37,285,330,0,0,0,0,129.4,2,7,420,1,0,0,0,1,0,1,0,1,0,0,0,434.806060111884
2274,1075,85000,1,6,168,74,47,210,260,0,0,0,0,65.86,0,7,600,0,1,0,1,0,0,0,1,0,1,0,0,619.511285900193
2275,1076,85000,1,3,168,74,37,285,330,0,0,0,0,148.0,2,7,420,1,0,0,0,1,0,0,1,1,0,0,0,459.925949200025
2276,1077,85000,1,4,168,74,72,400,450,0,0,0,0,99.73,1,7,360,0,1,0,1,0,0,0,1,1,0,0,0,352.3543176440421
2277,1078,85000,1,5,168,74,72,165,210,0,0,0,0,66.21,1,7,450,0,1,0,0,1,0,0,1,1,0,0,0,443.12894778730765
2278,1079,85000,1,4,168,74,72,120,170,0,0,0,0,70.18,1,7,360,0,1,0,0,1,0,0,1,0,1,0,0,388.4619925824937
2279,1080,70000,1,5,168,74,72,165,210,0,0,0,0,124.91,8,7,450,0,1,0,0,1,0,0,1,1,0,0,0,448.3274388113937
2280,1081,40000,1,4,168,74,72,120,170,0,0,0,0,64.47,4,7,360,1,0,0,0,1,0,0,1,0,1,0,0,369.39670040730937
2281,1082,95000,1,6,168,74,47,150,200,0,0,0,0,39.6,5,7,600,0,1,0,0,1,0,1,0,1,0,0,0,561.2647458718486
2282,1083,105000,1,6,168,74,47,210,260,0,0,0,0,88.46,2,7,600,1,0,0,0,1,0,1,0,0,1,0,0,613.9757463551706
2283,1084,105000,1,6,168,74,47,210,260,0,0,0,0,121.49,2,7,600,1,0,0,1,0,0,1,0,0,1,0,0,630.4498236392009
2284,1085,90000,1,6,168,74,47,210,260,0,0,0,0,160.1,11,7,600,0,1,0,0,1,0,1,0,1,0,0,0,619.1197599775361
2285,1086,55000,1,3,168,74,37,400,450,0,0,0,0,154.95,1,7,420,1,0,0,1,0,0,1,0,0,1,0,0,468.79413329331857
2286,1087,80000,1,4,168,74,37,285,330,0,0,0,0,63.29,1,7,520,0,1,0,1,0,0,1,0,1,0,0,0,513.3210822274484
2287,1088,80000,1,4,168,74,72,165,210,0,0,0,0,53.71,5,7,400,1,0,0,0,1,0,1,0,0,1,0,0,396.0748449951569
2288,1089,80000,1,3,168,74,42,450,500,0,0,0,0,95.34,7,7,420,1,0,0,0,1,0,1,0,1,0,0,0,442.9986913751324
2289,1090,80000,1,6,168,74,47,210,260,0,0,0,0,66.07,2,7,600,0,1,0,0,1,0,0,1,1,0,0,0,611.1337661868747
2290,1091,80000,1,6,168,74,47,210,260,0,0,0,0,71.01,1,7,600,0,1,0,1,0,0,0,1,0,1,0,0,618.2940349355607
2291,1092,50000,1,4,168,74,72,165,210,0,0,0,0,87.6,1,7,400,0,1,0,0,1,0,0,1,1,0,0,0,374.42718737393295
2292,1093,90000,1,6,168,74,47,450,500,0,0,0,0,134.66,2,7,600,0,1,0,1,0,0,0,1,1,0,0,0,669.3408023909853
2293,1094,40000,1,4,168,74,72,120,170,0,0,0,0,94.43,2,7,360,1,0,0,0,1,0,0,1,1,0,0,0,366.8504268250251
2294,1095,90000,1,6,168,74,47,210,260,0,0,0,0,12.04,0,7,600,0,1,0,1,0,0,0,1,1,0,0,0,615.5913474723283
2295,1096,90000,1,4,168,74,37,350,400,0,0,0,0,19.1,2,7,520,0,1,0,1,0,0,1,0,0,1,0,0,542.1108061159151
2296,1097,90000,1,3,168,74,42,285,330,0,0,0,0,82.46,1,7,420,0,1,0,1,0,0,1,0,0,1,0,0,481.7262612060052
2297,1098,90000,1,4,168,74,72,120,170,0,0,0,0,63.89,1,7,360,0,1,0,0,1,0,0,1,0,1,0,0,395.91147420622553
2298,1099,90000,1,6,168,74,47,210,260,0,0,0,0,72.12,2,7,600,1,0,0,1,0,0,0,1,0,1,0,0,620.985972841577
2299,1100,90000,1,3,168,74,37,285,330,0,0,0,0,124.47,2,7,420,0,1,0,1,0,0,1,0,1,0,0,0,487.18805243262614
2300,1101,55000,1,3,168,74,37,285,330,0,0,0,0,248.58,7,7,420,0,1,0,0,1,0,1,0,0,1,0,0,445.0889698912651
2301,1102,105000,1,6,168,74,122,285,330,0,0,0,0,225.62,4,7,360,0,1,0,0,1,0,1,0,1,0,0,0,333.6949978936984
2302,1103,100000,1,6,168,74,47,210,260,0,0,0,0,200.39,9,7,600,1,0,0,0,1,0,1,0,0,1,0,0,624.2789269101177
2303,1104,40000,1,4,168,74,72,350,400,0,0,0,0,149.91,4,7,360,0,1,0,0,1,0,1,0,0,1,0,0,386.9479443814031
2304,1105,70000,1,5,168,74,72,165,210,0,0,0,0,144.8,7,7,450,0,1,0,0,1,0,1,0,0,1,0,0,448.07451472215706
2305,1106,85000,1,6,168,74,47,210,260,0,0,0,0,82.13,4,7,600,0,1,0,1,0,0,0,1,0,1,0,0,620.2936780472772
2306,1107,50000,1,4,168,74,72,300,350,0,0,0,0,117.2,0,7,360,0,1,0,0,1,0,1,0,0,0,0,1,388.42157372915574
2307,1108,40000,1,4,168,74,72,120,170,0,0,0,0,101.65,4,7,360,0,1,0,1,0,0,1,0,0,1,0,0,356.96741232528245
2308,1109,70000,1,5,168,74,42,165,210,0,0,0,0,110.0,3,7,450,1,0,0,1,0,0,0,1,1,0,0,0,498.4808886984481
2309,1110,75000,1,4,168,74,32,285,330,0,0,0,0,30.41,3,7,520,0,1,0,0,1,0,0,1,1,0,0,0,524.3067245251497
2310,1111,85000,1,6,168,74,47,210,260,0,0,0,0,43.17,4,7,600,1,0,0,0,1,0,0,1,1,0,0,0,613.9905001753827
2311,1112,60000,1,3,168,74,42,200,250,0,0,0,0,82.57,6,7,420,0,1,0,0,1,0,0,1,1,0,0,0,397.6705449251911
2312,1113,60000,1,3,168,74,47,285,330,0,0,0,0,58.82,1,7,420,1,0,0,1,0,0,1,0,1,0,0,0,438.12729332472185
2313,1114,60000,1,4,168,74,72,165,210,0,0,0,0,60.5,5,7,400,0,1,0,1,0,0,0,1,0,1,0,0,378.83768226917226
2314,1115,60000,1,6,168,74,47,210,260,0,0,0,0,122.87,4,7,600,1,0,0,1,0,0,0,1,1,0,0,0,629.4615603848924
2315,1116,60000,1,6,168,74,122,210,260,0,0,0,0,170.88,4,7,360,1,0,0,0,1,0,1,0,0,1,0,0,353.2151843555678
2316,1117,50000,1,4,168,74,72,120,170,0,0,0,0,175.32,3,7,360,0,1,0,0,1,0,0,1,0,1,0,0,364.4070021594442
2317,1118,40000,1,4,168,74,72,120,170,0,0,0,0,108.81,2,7,360,1,0,0,1,0,0,0,1,1,0,0,0,359.4558450262459
2318,1119,40000,1,4,168,74,62,120,170,0,0,0,0,204.69,5,7,360,1,0,0,0,1,0,1,0,0,1,0,0,380.6747866325046
2319,1120,40000,1,4,168,74,62,120,170,0,0,0,0,166.03,2,7,360,1,0,1,0,0,0,0,1,1,0,0,0,345.8471591583872
2320,1121,60000,1,3,168,74,42,285,330,0,0,0,0,217.22,4,7,420,1,0,0,1,0,0,1,0,0,1,0,0,439.3113934454949
2321,1122,75000,1,4,168,74,32,285,330,0,0,0,0,276.16,2,7,520,0,1,0,0,1,0,0,1,0,1,0,0,530.0316135387144
2322,1123,75000,1,4,168,74,32,285,330,0,0,0,0,223.89,3,7,520,1,0,0,0,1,0,0,1,0,1,0,0,523.5465326112815
2323,1124,75000,1,3,168,74,42,285,330,0,0,0,0,330.22,13,7,420,0,1,0,0,1,0,0,1,1,0,0,0,449.77302433657235
2324,1125,105000,1,6,168,74,92,285,330,0,0,0,0,281.44,2,7,420,0,1,0,0,1,0,1,0,0,1,0,0,430.90849779742524
2325,1126,70000,1,5,168,74,42,165,210,0,0,0,0,210.21,1,7,450,1,0,0,0,1,0,1,0,0,1,0,0,494.31265674931916
2326,1127,80000,1,4,168,74,32,285,330,0,0,0,0,347.48,0,7,520,1,0,0,0,1,0,0,1,0,1,0,0,539.6610727330005
2327,1128,65000,1,5,168,74,42,165,210,0,0,0,0,370.11,8,7,450,1,0,0,0,1,0,0,1,1,0,0,0,520.752234129388
2328,1129,80000,1,4,168,74,32,285,330,0,0,0,0,274.48,3,7,520,1,0,0,0,1,0,0,1,0,1,0,0,530.9777164765301
2329,1130,50000,1,4,168,74,72,165,210,0,0,0,0,134.18,3,7,400,0,1,0,0,1,0,1,0,1,0,0,0,378.8800237574537
2330,1131,80000,1,4,168,74,32,285,330,0,0,0,0,104.79,3,7,520,0,1,0,0,1,0,1,0,1,0,0,0,516.7042155467758
2331,1132,40000,1,4,168,74,72,120,170,0,0,0,0,24.17,1,7,360,1,0,0,0,1,0,0,1,1,0,0,0,363.704509297462
2332,1133,80000,1,4,168,74,32,285,330,0,0,0,0,136.57,2,7,520,1,0,0,0,1,0,0,1,1,0,0,0,516.1231395718585
2333,1134,90000,1,6,168,74,22,200,250,0,0,0,0,219.02,1,7,840,1,0,0,0,1,0,0,1,1,0,0,0,731.3082545001678
2334,1135,100000,1,6,168,74,22,405,450,0,0,0,0,277.71,5,7,900,0,1,0,0,1,0,0,1,0,1,0,0,909.7672981542391
2335,1136,100000,1,6,168,74,22,405,450,0,0,0,0,283.71,5,7,900,1,0,0,0,1,0,1,0,0,1,0,0,911.5717216886608
2336,1137,100000,1,6,168,74,122,405,450,0,0,0,0,422.49,10,7,360,1,0,0,0,1,0,0,1,1,0,0,0,353.41207848571463
2337,1138,100000,1,4,168,74,37,285,330,0,0,0,1,432.14,12,7,520,1,0,0,0,1,0,0,1,0,1,0,0,543.8385973912244
2338,1139,60000,1,3,168,74,42,285,330,0,0,0,0,143.74,1,7,420,1,0,0,0,1,0,1,0,0,1,0,0,426.01090466489035
2339,1140,105000,1,6,168,74,22,405,450,0,0,0,0,225.25,0,7,900,0,1,0,0,1,0,0,1,0,1,0,0,896.6902610960125
2340,1141,100000,1,6,168,74,22,405,450,0,0,0,0,134.01,2,7,900,0,1,0,0,1,0,1,0,0,1,0,0,884.7903170743772
2341,1142,85000,1,6,168,74,22,330,380,0,0,0,0,100.69,2,7,780,1,0,0,1,0,0,1,0,0,1,0,0,845.4544005455923
2342,1143,75000,1,4,168,74,32,285,330,0,0,0,0,221.11,4,7,520,0,1,0,0,1,0,1,0,1,0,0,0,523.4222757402051
2343,1144,75000,1,4,168,74,72,120,170,0,0,0,0,462.49,15,7,360,0,1,0,0,1,0,0,1,0,1,0,0,394.6804544876297
2344,1145,75000,1,4,168,74,32,285,330,0,0,0,0,374.97,1,7,520,0,1,0,0,1,0,0,1,1,0,0,0,544.3910045448797
2345,1146,75000,1,3,168,74,42,285,330,0,0,0,0,401.78,5,7,420,1,0,0,0,1,0,0,1,0,1,0,0,453.17304552984706
2346,1147,70000,1,5,168,74,72,165,210,0,0,0,0,392.76,10,7,450,1,0,0,0,1,0,0,1,0,1,0,0,461.5434939320667
2347,1148,75000,1,4,168,74,37,285,330,0,0,0,0,298.38,6,7,520,1,0,0,0,1,0,0,1,0,1,0,0,520.201683378109
2348,1149,55000,1,3,168,74,42,285,330,0,0,0,0,273.59,5,7,420,1,0,0,0,1,0,0,1,0,1,0,0,435.2693345702284
2349,1150,90000,1,6,168,74,17,405,450,0,0,0,0,99.14,4,7,900,0,1,0,0,1,0,1,0,0,1,0,0,924.8290980224929
2350,1151,40000,1,4,168,74,62,120,170,0,0,0,0,30.81,1,7,360,0,1,0,0,1,0,1,0,1,0,0,0,370.4454945573869
2351,1152,40000,1,4,168,74,72,120,170,0,0,0,0,191.67,7,7,360,1,0,0,0,1,0,0,1,1,0,0,0,377.40944471747036
2352,1153,75000,1,4,168,74,32,285,330,0,0,0,0,142.59,3,7,520,1,0,0,0,1,0,0,1,1,0,0,0,515.5524299628921
2353,1154,105000,1,6,168,74,32,330,380,0,0,0,0,63.2,1,7,780,1,0,0,1,0,0,0,1,1,0,0,0,769.8680038965217
2354,1155,105000,1,6,168,74,72,210,260,0,0,0,0,110.28,2,7,600,0,1,0,0,1,0,1,0,1,0,0,0,532.8413435469729
2355,1156,105000,1,3,168,74,42,285,330,0,0,0,0,158.9,3,7,420,1,0,0,0,1,0,1,0,1,0,0,0,479.951235819291
2356,1157,105000,1,4,168,74,62,120,170,0,0,0,0,297.2,7,7,360,1,0,0,0,1,0,0,1,0,1,0,0,379.82038128851684
2357,1158,105000,1,6,168,74,17,405,450,0,0,0,0,32.89,2,7,900,1,0,0,1,0,0,0,1,1,0,0,0,885.7307813032774
2358,1159,65000,1,5,168,74,42,165,210,0,0,0,0,147.27,6,7,450,1,0,0,1,0,0,1,0,0,1,0,0,499.9861883769305
2359,1160,65000,1,5,168,74,42,165,210,0,0,0,0,88.64,3,7,450,1,0,0,0,1,0,1,0,1,0,0,0,479.23027092268455
2360,1161,90000,1,6,168,74,17,405,450,0,0,0,0,173.22,4,7,900,1,0,0,0,1,0,1,0,1,0,0,0,935.658994242598
2361,1162,90000,1,6,168,74,17,200,250,0,0,0,0,112.93,0,7,840,1,0,0,0,1,0,0,1,0,1,0,0,743.912964361685
2362,1163,90000,1,6,168,74,17,360,410,0,0,0,0,216.12,4,7,840,1,0,0,0,1,0,0,1,0,1,0,0,928.9074746406279
2363,1164,90000,1,3,168,74,42,285,330,0,0,0,0,273.34,4,7,420,1,0,0,0,1,0,0,1,0,1,0,0,437.23874311093346
2364,1165,90000,1,4,168,74,32,285,330,0,0,0,0,228.18,7,7,520,1,0,0,0,1,0,0,1,1,0,0,0,527.8361100712041
2365,1166,90000,1,3,168,74,42,285,330,0,0,0,0,354.73,8,7,420,1,0,0,0,1,0,1,0,0,1,0,0,448.43544294432843
2366,1167,80000,1,4,168,74,32,285,330,0,0,0,0,34.06,1,7,520,1,0,0,1,0,0,0,1,0,1,0,0,527.8172202795379
2367,1168,100000,1,6,168,74,122,285,330,0,0,0,0,44.42,3,7,360,1,0,0,0,1,0,1,0,1,0,0,0,348.3059320462616
2368,1169,100000,1,6,168,74,17,250,300,0,0,0,0,85.09,2,7,840,1,0,0,1,0,0,1,0,0,1,0,0,795.0636971873512
2369,1170,55000,1,3,168,74,42,285,330,0,0,0,0,60.34,0,7,420,1,0,0,0,1,0,0,1,0,1,0,0,434.170554620883
2370,1171,60000,1,3,168,74,42,285,330,0,0,0,0,170.84,1,7,420,1,0,0,0,1,0,0,1,1,0,0,0,423.28351874435236
2371,1172,75000,1,4,168,74,32,180,230,0,0,0,0,36.07,1,7,520,1,0,0,1,0,0,0,1,1,0,0,0,486.7356229558809
2372,1173,80000,1,4,168,74,32,285,330,0,0,0,0,51.11,3,7,520,1,0,0,1,0,0,0,1,1,0,0,0,522.4627325857404
2373,1174,80000,1,5,168,74,42,165,210,0,0,0,0,33.24,2,7,450,1,0,0,1,0,0,1,0,1,0,0,0,493.6484291886646
2374,1175,80000,1,4,168,74,72,200,250,0,0,0,0,106.79,1,7,360,1,0,0,0,1,0,0,1,0,1,0,0,408.7948956257319
2375,1176,80000,1,6,168,74,122,120,170,0,0,0,0,173.18,4,7,360,1,0,0,0,1,0,0,1,1,0,0,0,347.2647127470484
2376,1177,80000,1,4,168,74,32,285,330,0,0,0,0,137.3,0,7,520,1,0,0,0,1,0,1,0,1,0,0,0,515.9961596754804
2377,1178,80000,1,3,168,74,42,285,330,0,0,0,0,200.8,4,7,420,1,0,0,0,1,0,0,1,1,0,0,0,436.8578218615074
2378,1179,75000,1,4,168,74,72,120,170,0,0,0,0,155.54,0,7,360,1,0,0,0,1,0,1,0,0,1,0,0,364.1442196605413
2379,1180,50000,1,4,168,74,72,300,350,0,0,0,0,189.91,1,7,360,1,0,0,0,1,0,1,0,0,1,0,0,395.03806541355374
2380,1181,65000,1,5,168,74,42,165,210,0,0,0,0,185.53,1,7,450,1,0,0,0,1,0,0,1,1,0,0,0,489.9445562569602
2381,1182,45000,1,5,168,74,17,450,500,0,0,0,0,254.1,2,7,800,1,0,0,0,1,0,0,1,1,0,0,0,831.7501808681901
2382,1183,45000,1,3,168,74,42,285,330,0,0,0,0,75.58,3,7,420,1,0,0,1,0,0,1,0,1,0,0,0,422.9991260140418
2383,1184,85000,1,6,168,74,17,360,410,0,0,0,0,109.86,3,7,840,1,0,0,0,1,0,0,1,1,0,0,0,914.7340742745967
2384,1185,50000,1,4,168,74,72,120,170,0,0,0,0,177.79,0,7,360,1,0,0,0,1,0,1,0,0,0,1,0,329.11810837778944
2385,1186,100000,1,6,168,74,47,210,260,0,0,0,0,165.0,2,7,600,1,0,0,0,1,0,0,1,0,1,0,0,618.6524084323789
2386,1187,100000,1,4,168,74,32,285,330,0,0,0,0,224.51,5,7,520,1,0,0,0,1,0,0,1,1,0,0,0,529.7756462154683
2387,1188,100000,1,6,168,74,22,360,410,0,0,0,0,207.48,5,7,840,0,1,0,0,1,0,1,0,0,1,0,0,892.7328489149426
2388,1189,100000,1,4,168,74,32,285,330,0,0,0,0,128.13,4,7,520,1,0,0,0,1,0,0,1,1,0,0,0,532.0673398960496
2389,1190,100000,1,5,168,74,42,165,210,0,0,0,0,118.15,7,7,450,0,1,0,0,1,0,0,1,1,0,0,0,491.4578828659003
2390,1191,100000,1,5,168,74,42,165,210,0,0,0,0,65.73,0,7,450,1,0,0,0,1,0,0,1,0,1,0,0,501.06139232958924
2391,1192,100000,1,4,168,74,32,285,330,0,0,0,0,91.39,2,7,520,0,1,0,1,0,0,1,0,0,1,0,0,549.1765838371349
2392,1193,100000,1,4,168,74,7,570,280,0,0,0,0,112.29,5,7,800,0,1,0,0,1,0,1,0,1,0,0,0,792.6760852210841
2393,1194,45000,1,5,168,74,42,165,210,0,0,0,0,173.97,1,7,450,0,1,0,0,0,1,0,1,1,0,0,0,417.5727225844602
2394,1195,45000,1,6,168,74,72,120,170,0,0,0,0,222.1,1,7,480,1,0,0,0,1,0,1,0,0,1,0,0,502.49114503178237
2395,1196,70000,1,5,168,74,92,120,170,0,0,0,0,155.08,2,7,350,1,0,0,0,1,0,0,1,1,0,0,0,395.07984975697735
2396,1197,90000,1,6,168,74,22,360,410,0,0,0,0,86.58,5,7,840,0,1,0,1,0,0,1,0,1,0,0,0,856.6265118238146
2397,1198,65000,1,5,168,74,72,165,210,0,0,0,0,87.48,0,7,450,1,0,0,1,0,0,0,1,1,0,0,0,436.7099569658608
2398,1199,105000,1,6,168,74,22,360,410,0,0,0,0,70.6,2,7,840,0,1,0,0,1,0,1,0,0,1,0,0,870.9970804189782
2399,1200,100000,1,6,168,74,72,360,410,0,0,0,0,144.62,2,7,360,1,0,0,1,0,0,1,0,0,1,0,0,508.32558686743596
